120884259
129645595
129756498
129756498
129756498
116448140
110902990
88722392
91162258
98481855
98592758
88722392
94267542
82068213
66209085
61329353
56893234
53787950
54009756
54564271
54342465
62771092
62771092
63436510
63436510
62992898
67096309
53233435
54564271
53455241
53455241
54009756
55229689
54564271
53233435
51126278
44250293
43141263
50017248
45470226
43584875
44028487
44915711
43473972
24842270
25174979
32383673
30165613
29832904
46579256
43806681
38816047
36597987
36930696
39370561
33825412
32716382
34158121
36542603
36555756
36572209
36186510
37088236
27454491
27809851
32979720
32916192
27789404
26918247
26296957
25050580
28724177
29396367
33105696
29049095
30655815
29500195
30198980
35258268
37889243
33714506
33063548
32964923
32663134
33125983
36589439
36580905
34881689
35772026
36265278
38594241
39481464
38475633
38261532
38162111
40567550
38889294
42695374
50431305
46335664
46246547
46801062
48097682
47355577
48020995
48013229
47688286
49906346
46690159
50818929
55451495
55451495
58667682
59554906
73750488
66541794
75414033
80930376
69906123
78894725
77632093
72197846
73195973
69868884
80784477
78741123
66541794
78741123
68981660
76963367
75081324
75303130
72308749
72641458
70046857
60996645
65210958
54453368
60996645
61883868
58778585
65210958
69647078
69868884
65876376
62105674
62217721
63103801
65100055
65321861
65210958
60996645
62881995
64212831
54246990
52013502
49875212
51791696
46911965
48575510
49240928
50793569
50017248
57891361
54896980
55451495
55229689
55895107
54120659
55340592
55451495
53122532
51569890
53344338
56006010
55229689
54675174
55562398
54896980
54786870
55451495
55340592
58667682
58435358
59776712
58312015
60109421
58224070
53677047
53122532
55007883
54453368
53011629
53566144
50349957
53007634
53677047
54675174
53677047
54120659
54342465
54234365
55876120
55340592
55562398
55451304
55336482
52124405
52789823
52678920
53233435
54549796
54675174
54675174
55007883
55340592
55228448
55226189
57191567
56893234
58114796
57350605
55451495
56338719
57004137
54786077
55913813
54480333
54453368
55451495
55118786
56116913
56560525
56229841
55902998
56338719
56006010
55673301
55673301
54009756
54897691
54453368
54786077
54675174
54899160
55901975
55671162
56227816
56227816
55789563
56338719
55784204
56561451
56782331
56338719
56227816
56227816
56227816
56671428
57002910
57336846
57891361
57427520
57558652
57891361
59554906
59998518
61328543
62216577
60774839
60109421
61218450
63325607
64989152
65432764
71197803
71095688
68648951
67210746
71643332
73639585
73639585
73085070
71532429
70977914
69425272
71088817
71976041
72086943
72308758
73306876
72308749
73306914
71421526
71421526
73195973
73085070
75303130
74637712
76966675
78516414
79184735
84175369
84175369
83731757
83953563
92048939
94821761
99811923
97151019
93602124
96929213
93380318
95265668
95487474
95820183
97040116
97927340
98481855
96596504
99812706
102917968
104803319
115560890
119658439
116559042
118777085
120218659
119220038
121880329
121994072
125542190
126207598
127427528
131863649
135852268
144281416
148831777
136820990
127982050
89390118
111457494
112899244
110459378
111124796
115006401
117224460
114340983
119553423
121993312
119554387
118121023
112684304
109905472
112899282
117002683
114895514
121882394
122215095
122326494
121660580
121771483
121438774
122436901
123545931
125320379
127538439
128980187
130314701
131417730
132090711
136633805
136150865
135190745
132750879
132978001
132020894
130311013
135301648
135523454
136188271
136188872
135523454
134636230
140178965
143063416
139411448
138629894
137408805
129870769
128871819
132978519
135753540
134094722
132062079
131425811
130754625
129330360
132210138
131758492
130883842
129437407
128659066
125547494
127454765
128442813
126466296
117078230
110922984
115671819
116891801
119778092
119778415
121993418
120361560
118376658
118225380
118029105
119556417
119112991
119775376
119891088
119788266
119878213
120000789
120590795
120564629
121671307
122551683
127105449
128321394
127656314
129204194
129231430
129436228
131766160
134849065
135854076
136522143
135316984
133881977
135523454
137182221
137869066
136950250
137740751
139737767
139637665
146415998
149174278
148289458
148362493
147404720
147656647
148180600
149620052
150044114
149848825
148454588
147208260
146431240
145690939
148610695
148164512
146406728
146405702
145732831
146724834
146835769
146191982
146398653
146171423
147175916
146441809
146853612
146623441
145313684
146315811
146297904
145922034
145908992
146409090
149762959
150641590
155284492
155203928
154049063
151300719
156672097
157600015
162000296
172542462
173600150
171807614
173844366
183991037
193108124
194774671
191720112
194723070
195953380
196925354
208450290
215993577
217292140
229607032
227598634
221483289
229335978
227156888
229815777
235288280
244908058
253322259
263768155
268844259
271098036
283437007
274815936
305382678
304356882
306070481
300829395
299040304
328055883
333543002
333257767
339960588
332316001
332051408
339157972
346512801
348488418
375014643
387021333
384620745
387949389
408865963
459334470
480284825
484335104
489825118
530850649
525777611
544620843
510190143
540954674
520991400
519842990
523508064
524332332
568657931
658819784
713281075
787080039
777567944
714715030
788182814
838413168
887876529
993982423
989895594
1011453598
1031926117
1056371195
1182069387
1399682877
1586181030
1587691893
1651853338
1618500457
1889447574
2155742598
2637209743
1929040686
1038478573
1269176314
1052317439
1036165061
910758243
792925930
1057831592
1265389385
1357836887
1458850245
1311211462
1443918136
1621031396
1757015074
1662567916
1604158162
1508064556
1500318494
1594383980
1625021515
1358673249
1248382559
1154837765
1250828598
1350368515
1249470908
1287286997
1317750584
1309217539
1378806597
1285226189
1332665483
1362265146
1282064862
1265858802
1311072525
1367125065
1387339926
1362182423
1369839668
1368620345
1385753414
1442811301
1492278707
1500134618
1510813810
1471491582
1464952613
1516688838
1474496067
1485825214
1497296283
1437485642
1434883307
1406578597
1414112615
1389106810
1298130030
1275955772
1169828122
1217518922
1255194199
1243938193
1194977867
1158694188
1162915690
1160862567
1177907159
1221573004
1234138293
1212266980
1199427500
1186262807
1194755595
1176425104
1153867459
1169508300
1144709457
1064322258
1053390017
1066895734
1012915189
1049636701
924707372
952781241
805228934
802374555
889305621
892636032
904862884
1035815864
1049594947
1077656868
1096281630
1080732456
1124757980
1101342485
1096167056
1025775680
1044240893
1027394656
1033687219
1035732940
1049280583
1069091356
1087547422
1079666242
1010443726
1119053351
1125481884
1161110323
1182726607
1164194562
1155131856
1152552070
1163059573
1177534159
1178425466
1167231914
1138195570
1116327089
1125938266
1131984489
1147854217
1183422678
1194575063
1183101977
1184905988
1207638048
1198026720
1239071249
1266212018
1328010981
1313378131
1302052256
1311142663
1360377555
1352866619
1417571249
1420429192
1427980465
1504458616
1539523452
1569722946
1562324851
1555296342
1480205864
1482861037
1418708280
1453278043
1434711801
1475459653
1481018932
1539656958
1533395827
1544193397
1510476242
1522467021
1531574453
1541406723
1541880185
1510093043
1495378939
1500431724
1497087865
1491510561
1505875149
1500121015
1520095291
1541818879
1532560817
1540775696
1534301443
1551583532
1264082441
1433906116
1483329197
1476641225
1489466194
1504261250
1509383655
1528509779
1540383469
1546771468
1555821268
1617981624
1646921153
1741940426
1670320608
1746948365
1856439841
2012427990
2020922985
2181664797
2305522255
2474114024
2352827238
2275439747
2187058938
2375771832
2387222215
2486400642
2412709916
2475955831
2467863476
2505623249
2591423037
2778327591
2974905126
3225716146
3578594269
4104268329
4161367998
3967041699
4215239493
4346628705
4839221027
5082154726
5038626602
5317974672
5891535427
8343201949
6634085863
7405406712
8937168573
9879277070
10343880422
9964625644
10135088899
11646213561
12483692983
13218062494
14539413109
14450506702
12312483540
13386862347
13642057709
14738915773
13291958575
10613218328
8904462777
10157309868
11641860321
12718731400
11400362884
11314747826
11464125348
11026403305
11183438095
8970764133
8720287134
6637383501
8805412350
7847068314
7634662376
7863895407
8390536083
8355744275
8776299130
9739689399
9338934275
9228839368
9442830768
9559768256
9494251017
9784849962
10174330875
10456301347
10707187896
11682178642
11907541428
10142677460
10674441183
10699377119
11055083015
11634624791
10942574659
10698286833
10609319174
10942679765
10588211486
10381563517
10552296038
10994125008
10825063703
10819138135
10725089616
10652183697
10093750268
10527580501
10590174928
9742384441
10210866602
10373460826
10446807931
10503919650
10593499755
10677912271
10611751711
10539873772
10238372990
10024086870
9266093895
8975258991
9091235965
9042646319
8899497535
8614381684
7973371509
8836840971
8656075278
8215922701
8530226689
8475386184
8404689334
7576630715
7830427318
8240566453
8236584697
7265382358
7249333294
7817822745
7751129140
7357430455
7613767315
7552454438
9045448352
9018551538
8912968617
9046942551
8470331790
8299122965
8565013593
8429957641
8446671457
8570002792
8645015104
8468885931
8570789393
8547513215
8414619978
8344149659
8245169223
7945812829
7704843102
7710642950
7580424864
9009094609
8885661982
8967916886
7256107644
7773708253
7654656417
6982759023
6919187885
7481455981
6417249336
6889246643
6921551869
7202623585
6213427674
6931203375
6195820703
6015472741
5191533347
6499695851
5794470636
6259228538
6808467938
7841173151
7450509180
7575697774
6754179882
7663061889
7338850887
7160379421
7342837125
7260813773
7820848496
7089993943
6808479928
6366317770
6094638215
6178910289
6683773488
6362058974
6259072955
6060787889
6213998777
6443055586
6376816156
6572248789
6462491725
6483940684
6518005073
6391450925
6469211473
6486246254
6534787409
6553212910
6967270014
6859895179
6634837426
6644968568
7608595649
7321191356
7841675594
7778034026
8084488609
8506818740
8673383637
8507368579
8702734735
8458408362
9047265367
8624925217
9301565253
9819743073
10095542599
8849993855
9696679022
9905344964
10020405283
9897212093
9653864846
9668609955
9290038236
8645800042
8805117626
8446967956
8813017286
8663508790
8852162405
8928547855
8667070527
8582234252
8793638255
8739434679
8469934634
8297869729
8099164900
8359769190
8517510385
8400467446
8283561517
9009776871
9029344349
9179285627
9467968453
8861041683
8625393959
8902067489
8736155343
8560643575
8544784809
8461090979
8722623354
8752500410
8666774170
8527965221
8547275740
8460921665
8575398148
8720772769
8687415115
8636416962
8582204261
8533824686
8546850841
8299400007
8275108897
8183333734
8144015967
8064060888
8051119947
7777215552
8022493185
8245161646
8138834394
8112611944
8119251680
8025297085
8024501078
8093160530
8126538594
8116267582
8110455431
7864770752
7787016793
7509784669
7003411195
6822017603
7172530155
6815536625
6464077770
6742818057
7100274461
7237972646
7194392681
6961750616
7141765746
7070791736
7320192200
7232867569
7157187449
7206954913
7109584908
6800434721
6716884935
6740414992
6745506403
6965829976
6845784428
6882327976
6837219850
6733947721
6780850269
6862926956
6848147274
6815171964
6876893564
6852302051
6791176085
6707009833
6610844518
6189861371
5720280614
5788175316
5800434094
5864557221
6357156222
6163368429
5960977423
5910821066
5834131445
5515213614
5473755292
5680159072
5626893106
5460131622
5276604673
4821959940
4599415061
4697243561
4798163843
5205555375
5358451872
5268215608
5298233288
5532816812
5708804356
5835692629
5740285318
5567132892
5588822010
5709675944
5663642276
5569709831
5626526580
5560350509
5237390255
5239880285
5067526913
5172879707
5123194770
5199910874
4903192436
5058022429
4944310061
4768080963
4758931712
4772655894
4844738145
4973027640
5137455732
5019391938
5057610935
5314030600
5363254942
5408112673
6267548120
6122013552
5856788222
5517118666
5744329158
5698932352
5485263057
5543861340
5277131831
5215174742
5339768048
5539250231
5647906034
5707517339
5677678312
5791358883
5878119442
5815157415
5776808293
5867731115
5897566084
5811830671
5735585138
5858292259
5856721831
5889820708
5690967652
5569064279
5460483575
5550306799
5598500045
5557608342
5654351374
5678948944
5383336272
5493941732
5376855223
5246738689
5552976727
5395646449
5585913170
5565465791
5369437575
5393288290
5526703201
5336849210
5348217994
5274504011
5262803183
5438806061
5325195075
5356318903
4714999440
4392335566
4636974666
4845349943
4991359196
4748672692
4871755708
4603971533
4460363078
4453611797
3767246147
3062031413
3578386640
3543044561
3398773582
3564306348
3652913426
3602052644
3840341777
3946055791
3910630262
4146855844
4247210476
4526091925
4345568488
3877958136
3859337774
3764829374
3602350636
3749958515
3910862566
3743360059
3750474676
3651308006
3715260232
3826422367
3739422599
3664762803
3673069186
3661113902
3715408678
3925774339
4226325222
3883769260
3857684503
4016235084
3903128757
3959157442
4002060696
4017641710
3883761479
3940705627
3933420097
3913017045
3900033470
4153971181
4145466693
4204035637
4435020568
4429250726
4337087538
4413137312
4338977021
4385908167
4348746674
4582495785
4600952856
4672319537
4669002913
4477511652
4505129447
4553938217
4622533038
4527246221
4097101373
4171441087
4181578985
4152030068
4278028698
4241623238
3920241912
3921109123
3955572282
3924484508
4013731197
3848041323
3915440587
3847470686
3891414994
3995502763
4028948581
4016736948
4119685860
4056298496
4032823935
3913628035
3882364283
3759877425
3752765214
3753016968
3571536427
3493571124
3551561152
3628951059
3544476520
3556106045
3541345543
3570013398
3749779377
3714162368
3741423567
3668938498
3599483071
3501441688
3606388150
3576571782
3582148887
3755444001
3691731368
3730919202
3807877344
3786363199
3728346819
3631337220
3749773279
3844790478
3817741144
3788347734
3809106293
3800979351
3701301806
3722961300
3726418102
3699777293
3697823736
3627197603
3652359860
3681224980
3698305779
3816682323
3801269856
3828326664
3759354961
3756496134
3773511741
3825892862
3850907093
3771970806
3710230147
3581345409
3658612418
3646644950
3621814647
3643774141
3660166741
3624227201
3707502201
3714476760
3698359347
3716171741
3715579333
3775372152
3787797149
3861165030
4132093954
4116194259
4148132643
4104530146
4108166463
4085104076
4140393076
4098031588
4037166992
4075816939
4105636087
4240385296
4212734854
4355967297
4430343373
4367449368
4310250313
4346785065
4396274501
4574070895
4540164627
4482561078
4594864618
4605324786
4706439886
4832918569
5145216760
4843509519
4758313815
4716520082
4570943381
4602669256
4571482633
4528451603
4607490492
4540334164
4569181528
4553920886
4762985025
4781631863
4853402535
4876154345
4896003410
4814951856
4773618872
4721074042
4644180352
4670953910
4641003385
4722624816
4665464271
4594398918
4623806064
4388766915
4468417710
4464501272
4591998143
4523541020
4497815039
4528598610
4493673558
4413746510
4387097032
3906793884
3887901964
4055772632
4004069738
3959643805
3925326608
3618340363
3798767060
3855388911
3848920605
3948258550
3940298156
3937288491
3940494508
3912637026
3928735704
3885091980
3937065725
4027348924
4113698826
4105010596
4158347326
4062774248
4063110252
4074880337
3998299207
3912262235
3908978903
3919828456
3882876352
3951301165
3946346972
3935136620
3939932105
3862256789
3919334959
3882006551
3953608018
3951059932
3936872513
3911895805
4003893777
3935519904
3949534891
3958817760
3969506491
3980797394
3963069800
3989254411
4095843450
4040345310
4015301512
4057190062
4075590390
4118643218
4093671831
4152819460
4182429473
4220962418
4338119585
4462245553
4336068485
4344820906
4421042169
4381680411
4516651917
4547030322
4628204305
4639487781
4680568009
4822394581
4971177187
5160837051
5398105986
5139828111
5391459865
5927589570
6566549345
6571374866
6225767639
6044580425
6199357351
6031984933
6117378863
5490655278
5091711210
5472228553
5490363086
5408566244
5216046543
5394708053
5466549875
5447320051
5303747741
5249921198
5339016495
5294397178
5276033421
5219360249
5366420729
5746766743
5809733988
5810099223
6046470179
6099924571
5871557741
5815875213
5834931601
5912936081
6313961335
6329534845
6437260334
6859873882
6876470031
6812610950
7448434810
7155663493
7113572761
7212842430
7531135368
7383753048
7400351469
7501955324
7479371100
7168788057
7092551484
7063643037
7179410921
7383599394
7410744476
6795066462
6912291954
6881506459
7052645969
6939522367
7011417500
7087304724
7088251214
7010434203
7100102129
7095515108
7066839236
7511070125
7447500608
7366330005
7345062102
7352988276
7120325558
7092604626
7085485650
5950719092
6408564232
6308437468
6398989929
6266858484
6939122313
6804522368
6357475675
6461031712
6730810794
6586458744
6650939226
6675625104
6422720090
6467712435
6435027414
6285809408
6320662939
6379614066
6314581032
6654363973
6618787948
6466385352
6485265187
6431511305
6564353999
6670956401
6705697126
6787228499
6973514007
7233715841
7117153659
7157815499
7223714963
7374613649
7389770439
7641726574
7678827938
7724571469
7465043035
7592025802
7589261980
7722020437
7736575790
7756042753
7813546664
7828706316
7707305440
7759733144
7634554104
7510348096
7653503905
7688530981
7760751938
7884279455
7841401848
7983093495
7968537215
8105779125
8013047545
8089875787
8037700582
7967520486
7785574862
7819646329
7818877206
7969746168
7983684317
8091118846
7956209923
7947811299
8002670701
8086444797
8105211401
8007415350
7986120359
8001343013
8074105363
8112443012
8126519448
8068092862
8046231601
8031950480
7988151550
7887283609
7800867893
7808129974
7841905657
7809563403
7795984159
7875650914
7934582545
8002174992
7989246958
8028808602
8111322829
8215864314
8319111849
8244641350
8385443863
8486673978
8445230835
8522230710
8177160852
8229833924
8337452691
8310455623
8350320355
8352832817
8456644613
8372003986
8402541502
8564549358
8553542926
8583076313
8588017606
8412114408
8470223626
8539353699
8623661630
8568002336
8589415752
8601249908
8673963320
8834177128
8590378892
8656018349
8675098915
8622918021
8642015875
8628242828
8687949287
8745065030
8909490163
9864944216
9976953858
10060605449
10143227767
10238187034
10268333312
10736737177
10765848270
10797177354
11045303721
10964155576
11052599146
10960364946
10983647166
11532987467
12603166949
13294275317
13124776505
13257289845
14633307157
13888048806
13677564743
13927458614
13392632654
12414756618
11377900789
11774055896
12501563549
12487053875
11853436348
12412272267
12068128112
11989241458
12534085739
12545708130
13022160875
12265101082
12617653052
12342221091
12488343896
11799402158
12367268857
12063792560
12061495133
12047314674
12511860655
12375321390
12570178731
12648302158
12634862593
12875578417
12679193834
12878977956
12787994583
12744542210
12661876406
12785900182
12735588369
12690606085
12424721022
12653564129
12674561747
12648290336
12595490575
12041617528
11696147318
11169389453
11177496231
11397180585
11367622214
11605839877
11646462236
11563695750
11530218366
11559560421
11493758553
11462385048
11454866038
11207998180
11125177592
11279777408
11177447723
11190176089
11219402347
11364183538
11364818880
11432356169
11367597050
11285673947
11217944235
11308896260
11179681548
11258286935
11194350091
11284119851
11254587372
11252793674
11362010244
11764354087
11912495574
11891355790
11863238802
11988962424
12170556487
12121068455
12211211828
11843153263
11894475840
11953879659
11917527381
11986188611
11970534097
11992700707
12029367617
11986977659
11996644094
11851309403
11815218186
11968086454
11939852836
11933436939
11992588017
12016800747
12040312028
11985428219
12067859212
12079072431
12041055155
12099547281
12012551536
12032034283
12009823159
12052115854
12096426302
12028548878
12068679088
12411771471
12373260122
12371663600
12449014097
12424296011
12469003130
12418635681
12463486107
12318535297
12359470639
12398858711
12793735662
12732134289
12716545892
12678577916
13042948424
13217386945
13133990757
13422973760
13293126873
13298083773
13746373302
14019102180
13076254814
13399755478
13451742145
13584077565
13430853290
13484956011
13726889885
13517538925
13596538980
13342913386
13330748949
13385453916
13466679315
13854957562
13864606177
13999882549
14093819708
13713050953
13835491417
14036384378
13984850902
13779000830
13828530570
13775002569
13637635484
13666804947
13611740751
13848641301
14026186189
14313033607
14303446015
14417057874
13906273223
14295850687
14382401028
14301180280
14331772466
14310632403
14296323925
14387208073
14436561487
14453495969
14305508281
14416877036
14516229544
14541030406
14567717327
14706511090
15246835091
15747925936
16603009481
16327133227
16304495073
16450263761
16916667296
17763216608
17783738374
17626473472
17807482667
18246766343
18478115869
18875838744
20950912861
18450264061
16765854371
16893996306
17045623961
16693883554
16941434845
14657064973
15111693185
15479795271
15356472342
15440671400
15596813954
16883537891
16609308265
16748530321
16684415295
17174268353
17201733940
17063592022
16637483265
16723151911
17099734639
17127838271
17191960317
17115068526
17216342883
17988249799
18401903240
18840260984
18985383567
19208423247
18895204497
19115918533
19616540930
19689012105
18477859929
18573365932
18802228357
18730031604
18723347119
19139191658
19138771601
19545951894
19835509475
19878938577
19878252794
20230752271
20962446944
20966882747
21946949284
21957018651
21474393723
22043602890
22306972318
22431390187
23219884538
23938745863
24421334497
24013378237
24218465006
24451006667
23551601191
21902017940
22737006010
21583181474
23024307685
24089726124
24908561193
25103240384
25957284069
25552649016
23804980268
21186386573
23131010415
23348573711
24616331075
23376638867
23543686434
22762411012
22947122537
22985952607
24077041187
24354290874
24606697765
24841927833
25637169563
25979209936
27432419098
26732415916
26957494361
27039976702
27551025332
27581746598
27737450136
27938520453
27977860767
28160553293
28555056026
28286776762
28281350852
28532979818
28497332034
28865805627
29469415245
29096965279
29872643942
30101363318
30376671668
30465898457
30666154773
31101425832
32032581491
33792475211
35239561271
35883376776
37135725113
38279048339
38689991677
40820086910
43525397880
43478464341
45525048310
47335514255
51194089828
49996344921
53091663159
53110762850
51396176788
53651512072
54347225641
55411501174
58207037740
61116015853
64157281052
66558767529
69997146838
71594360741
71976832406
80069155066
83908130060
76427723540
74147618258
67248988568
71907991640
77105346850
77571938527
81684556968
87434257300
88908927757
91289609025
94332021835
98211976870
103274342514
97819859132
101965423364
104954775616
109057302861
113802187984
112019108436
115432211405
105232966789
103496450502
106547311461
112950675318
108765405974
112538741049
115372758104
109436913581
110346914422
112228721733
107528440756
102762798348
97134268545
108019646079
107765869962
106918183609
103356217461
96765628335
103086158561
105078241294
106355312688
108034769125
108483333489
93934460167
95679885938
92799762746
81831795325
78844803444
87014403824
82891840951
78567374193
69513675230
65523010508
77861599552
84107920726
78666431577
95539762078
91217077715
98111208060
95986965713
95827368462
87223265251
86658480172
89211513595
88774295186
89784081997
88540665067
91177343064
100428698838
99851575302
101808539352
100229729780
111594308048
112536198606
118558124712
123390567233
120731113440
123309148293
129775914562
132876122999
134864671821
139828393278
134740763081
141481463616
141821353505
141179157327
144420172351
144312334613
144322383245
148012782111
150880583980
153444518222
155231642388
157645374293
158622097887
160518736282
166011702106
168601443855
174857516695
181975711407
166340632639
168114679650
149002258637
153921576035
165078375981
165643995176
154519983778
152935947338
149471029174
148487910059
145569869845
135738260438
110519705954
127582705540
126979404982
126917961935
141667640801
135132928878
134093777201
122946347852
124327508938
131097426097
127812189311
136021250241
134524452491
145262740109
143822371914
141127298551
146439456028
146928056861
146394150016
144010858158
141104676797
144273202755
146595173651
148620068016
150691646076
149854996835
151860685786
154245462207
163618194665
170980443983
173753772052
172956145051
173943984959
184957450395
181355500928
182524600512
185110040569
185777499421
185381818616
184614070504
179457686423
184444042817
187747695005
185006281941
184373130127
194022772491
193747593324
201229454658
205349962604
212949581954
230037080994
228760688999
228580887422
217272692314
219303667555
210389647082
212123445602
203087305383
206449609746
198482789177
210732572588
213446853987
224243468730
229108948723
232540536232
236793785124
241214324361
247612173351
243941130933
254403775454
257764842612
278058432085
300859641635
313638157874
318294915821
322998865763
303385936957
311428777441
336685729647
337038328599
348064631461
360455073234
360736398986
392095050338
448560341809
450319915247
423295551058
414587657826
464495063545
508356852293
498673848500
533099960089
546319437858
589767295099
599057858956
621482052301
625537921244
629111004303
613786983775
526604496863
567171751200
548436458975
558114476898
607501118515
594421263722
567086229935
605188521977
550520973275
603607648965
604639272871
658003722937
726491862320
729056411387
744356529235
782672590094
795726208993
745644219153
735339996952
736658524624
669354063629
721082533501
754548984318
720871241936
693150082158
541965189615
558451879158
573459746397
583355802849
640414584207
570731549575
540018907423
535343472195
564776669824
554848003925
549460226010
567173313677
595401906718
567087158927
504108887401
519061323275
455942531405
430147443345
455039751942
395463926362
328082530823
371062180492
360505959441
393446107105
427176483951
420734141230
397116721205
431164011639
416104973106
463107300962
474803936454
486391941605
515630927964
480467609608
506550407521
483696925503
452527627310
427877412064
447013013649
428889311245
432020389475
452271832970
457198162607
441221540744
459051727847
458156694895
464693302199
471491630836
467255938595
439581671705
404916072268
379347225605
383663808574
362126371207
387441106352
372843152603
374412525385
332786156711
335236190172
335239928173
311000115199
319187103664
340029970447
349865616017
347852083047
339383709718
345430771595
332298781795
331608001053
315016217744
298683938644
300948374593
265870911966
260662775513
262936865894
255254481147
264062416324
281775305555
257153410517
256525634787
249378213331
259490236433
265829674305
259763073571
265239931784
277703893195
315862678312
314513511809
319131550694
337549176910
327882183046
323295410961
343707687191
359170094449
391282894378
384553093752
387981586580
406640536960
432149546146
389049942099
416431819416
400934505548
427598730676
435566941790
422199283173
420964921309
433720116043
454501016946
454158061372
463754778758
451704405238
435969548801
430394864027
435875277646
414613429553
380187638516
387377149403
405140373895
402685540883
389706889261
385785946770
367184112233
377950462086
377583879308
392043536411
382717534986
356098827006
329825174949
341805197163
333490110593
329491873071
327015176718
305258402316
329416193904
325602175148
333288593884
336009089840
347901218375
354049397411
340531209243
349784112979
348246701670
348270771494
344200945601
336728081983
298477029552
303345810846
283273946428
271764689947
291193226306
277879435120
281367288092
279356967098
289523592723
294358656782
292809464091
288275683255
256060308422
259225554459
253920215716
258333612627
246368338253
251916288859
238796562225
251095884402
260461772648
261683840823
275501324640
268779146611
272491391498
268415676630
271096145659
279069094258
277502470942
271430301549
253309305838
257933698973
249832688342
251352502160
252522318659
259830832407
277188587293
296195512883
293130905133
292101403254
279163013478
284391206456
282972111500
288301472942
307398575672
302027783930
293934038330
302257630884
303385761107
302458389361
295783604671
280380410191
275855457285
269162939864
267505210088
256037942918
258187737773
254011239943
241680133613
222841463950
231820313513
215673290877
212943281852
214894533936
204099770456
200974368519
203668171610
206625811839
226302201482
214478006871
218702737578
205566950337
213534951709
207157204960
213248435732
217517182635
218851374232
217168297501
227473028522
234727716427
230255720349
227487056217
229165234935
238691439570
239909362732
237658908288
240128245986
209135007675
207842488315
201720169372
192603521905
194357579443
195248363280
191606484170
191840013556
201093872556
200222869018
203018364359
202948535129
191647136333
198239800475
199661276040
210960174808
227469989678
224391746126
226343262944
216318568183
213228783656
213688695289
223780983819
220710349813
222390811683
223019970845
221957523843
217159142446
215744120949
218084486678
220072874830
217106761864
217969716569
220975973032
219240391492
216826575109
195307704018
199407915287
200618586522
198587845066
208253211135
210968088278
211057210159
207800975819
207453394454
209023397689
209375721824
209031494312
209599104735
208807066046
208272740444
208942222284
208694784929
209386830083
202437490065
203314956856
204884197358
206137399404
208289660571
207628487994
213740482028
213962827344
220796386847
221482407244
215826587442
212945264969
214426610206
214629617038
214169426489
212258682414
190904811932
187437657843
182576680756
183295738364
186004849059
158839757432
145485503869
150695101381
140886790455
140731463172
125908942364
130073136277
123847171371
124843817918
138863807750
138015858370
130517393802
136201784533
134176530411
125548012271
127395274287
120057878011
110467967306
109294390512
110503987587
114311029517
110351663354
107731060075
110537157929
105102673658
102524774147
102299734129
103726754093
115009755075
121401705070
122364077150
136577408824
129136252534
134207536183
136551836170
139954633436
131485766946
131982044612
121917994380
134535445553
130367402180
133050440329
127172843747
132799537689
136802527296
131743716969
133744524055
133094963996
140142326112
137852219060
137504382525
138087837068
123249214860
122649897437
123070924880
117615164280
124185918239
120671724271
121942832866
123126263076
121418905453
124528062802
119009977816
119115411113
120915839054
119853931748
121113736647
120019662320
120504223207
118535112352
113301246097
112116761636
115518050019
113446291089
114445293619
116513540698
113881683936
113620297486
113830120094
111196065195
111475479491
121493606721
122482256040
123445058558
120427850978
121307066568
120561337917
118932379173
120063081428
121115618382
123708142087
132636713085
133240984042
136075243591
133662145296
135637648726
141524768497
126826041119
130577898013
129893683123
129486584677
129663591215
130535436879
130769929211
129274306383
125801887855
132852278699
133084948825
133715268413
132510245763
135651101784
135423072224
133184643102
134610858902
134419646760
134227965483
137287338188
141698479910
139525877245
140584609438
140801887756
142209346216
138659274774
141100237458
142451112402
140482295412
139519143295
138918824996
143290478226
142663556720
146833766263
145857076914
146087818624
147660433026
173062546610
174432459752
172294129880
178168158031
178253604951
184517971788
185177468327
180236052939
183729150372
173059547848
173008772161
172921533041
176847107088
171444043855
176693061372
178200674886
180544665267
180471280935
180792105824
177866301548
181040800688
182194422028
178050206278
167872774104
172274671721
172621045002
171330383855
170493573237
177395822552
175903494174
179238111030
186556846769
185401099427
185817784123
185541492262
186275885602
188566545436
188830788804
193122588215
215078632971
209505064344
228906168722
239766520209
254955686756
248156236427
232732501819
228643028246
254709744875
248542096973
249774022206
240298353225
246076278184
251251936406
252784854421
269953540884
277167697393
276085665930
276721013115
263086664342
272975425361
272090801386
278001674530
258916083808
247106147206
249559517538
252022108639
257980468058
255135614215
245120468073
258905446649
255805831891
264501856650
265384436841
274265024228
279208161743
283154826305
292070142819
283850064575
289292022699
293072812246
309801398935
327660966916
326912540670
330528529926
344032198102
365886114290
320344110523
346572845225
342018702465
314068263908
311033198358
313721925848
336277330892
318985692744
315455839172
321563470913
327913000742
343518866273
347372500822
331061434804
310128932091
319591903568
309578564580
276981444798
290810153643
254726806815
264315318231
286198799222
284109443728
292354529181
288085858517
281200313188
269875672798
270056379435
272466527482
272904016041
262637054243
264346646799
262643764595
265036237880
276855064425
281495972518
283560189144
289761105476
292320690097
309870505854
300981426908
309804197905
309650720913
303339159925
292886597731
300279103115
295717359563
285827978933
263967603178
270395580128
268045078532
265916090721
271924146264
283324068862
278445105686
263746486963
265946234242
271508392877
265819769193
264657353289
269497202122
265200402075
252055412181
245508608037
248191229587
248398747753
251155605841
264266228133
269924935676
267165096526
266949688038
263360193564
267018575335
267025111971
264760587562
260118827520
261222944027
264768169012
263807103716
265894909816
265226928962
265501858032
267358833000
270572592427
272115206217
269571533367
265320625554
265142548983
254426171774
220635265405
221131705878
212333116988
216005620178
216604670852
212491425211
220694785908
219674177829
222289374660
218379121993
217901424490
217848050726
211714922580
221242987726
221337838624
231449140605
230063402942
223228378222
223318353810
223568311676
226474408153
221528854652
216395073363
221925112512
218325786696
218380782370
224295210739
224403817804
220446161131
206058683443
205861979661
235741134494
246305622861
254020514757
247814792501
255083784627
247005728017
246898290388
248629694522
250798795968
248155313009
253858959525
253461409632
255524438115
250316947733
239972011622
241587385300
247409603553
240434459057
243173408950
241663123941
239081073747
233656403383
234668260159
235298615341
226326554011
223812213235
222229210365
209581228630
199180427086
202033500670
190261239423
195091985428
196658775631
204997670101
203632852432
211127691657
205771473319
202688131506
199819654150
199968819929
196873670933
200811599189
204412742216
204172789338
205522985979
200341956721
197455972337
196260079893
196108185828
197783297489
193430530889
194229741874
187102198347
177804584453
193051816417
189607196759
191455519607
189723335544
197901977938
193818257264
192280597605
190449405431
190626860828
191801570469
194011441720
196552869168
192653174449
190901990104
191895801564
186546296940
195594941496
196431031798
196944271357
208606952722
214794270748
212808220271
207240114816
217502487883
214307629034
218776571444
216753838056
241495711284
241450666537
239380543301
245232220568
243979797569
238603347857
238077489483
241096276030
239627207291
230922758219
231739969607
228790943350
236735196387
244783326305
256020298489
254189429935
261619584838
256789789881
259094641817
259785250234
259980299135
257852312691
271513340793
277132880462
279597762988
282454624581
289830049112
284484326611
296276318990
304723933600
303098995313
309918022040
293035544031
288863320648
285638293343
298388911036
280248624196
278909138094
282088941086
280749221454
291364189764
280720795177
267976532528
249415954197
251822643186
249570204936
244088329865
243730262091
256497974059
252249695121
251767069640
260504624936
264134140497
263346307248
234405343362
230542777990
229226037907
228327547119
143605069283
166262967593
152405106920
156161185366
145806632110
153918549853
156245727359
179690963559
179274088126
179935164752
169683889987
185578660239
192874665624
191057973270
195203094247
185421372948
182525793289
173168535727
186682735940
185417389558
216917775324
195776999725
196512112451
199328276953
196545718308
242402657485
237629861277
246284109808
243759615595
229554382872
231152097340
232398729651
230040470441
230731203914
223653124195
227294386797
238664744891
249625897237
244114411352
236716468853
258366485286
251474627609
281771560619
285217774175
231632748314
293187084179
292502414529
295303659562
325653047377
266058671177
338392947122
340418724323
316384112163
318453692225
318147127129
320897275986
357995926401
352359598891
343166201090
315505969610
306741442717
273573466844
288986734974
322314922591
303959994124
306293882762
279426166159
285347217278
285842125385
280661420634
262862158459
266678252319
264929391910
256696418890
260477168898
259614041947
270914729836
285104683731
285619571665
292588420836
286368723461
304990446132
289312636390
295314239024
297340853416
293545314060
294712439874
295057868811
298839917564
297992016077
300704879342
282619969855
287996409470
289198538294
284404408309
283457860556
288243187840
286782909675
283712756468
282408542836
284091855183
283026626088
292316244464
290894662181
282850897426
280732416723
278654338294
270055378616
273721955202
276489795083
274947628719
278463719446
272966686840
273654114111
277417509204
275576348687
283845860919
282219432992
291459016663
286158086525
283464047798
283140100434
291268826495
283637091720
288947678154
286245115603
284040926166
286344285109
283616478702
285635913833
286902965880
293959286916
303291266912
299728975972
298432713942
307916924480
314419616616
336656873371
340022778145
340179083304
343743775761
350252797966
371104206063
353476563060
357529428592
363282338205
375204083901
376118549949
391213731007
397919123545
375886787535
383044284071
366981248944
382459668489
408281213343
391757527955
417523047912
393272168778
404586307426
395983524513
386876815649
394282576386
382452354182
389640627392
393900746423
393410451410
377989309838
383141278882
376562909688
385728162376
387260271462
400167696787
404890338211
427610769754
409757986915
362043488363
367366472319
334679520294
354509712519
344420720064
335612952204
342054652593
348508832333
351322530408
380941410651
350322568159
359991679192
356283220975
359644683477
361837921594
361290468271
364729038057
357248406644
337849114376
344026840989
329088973079
346920501827
373715949830
351039159586
378348737453
350787064944
355024161309
354199099300
349177580343
345050285310
361901128585
349234593244
350276453895
366888027004
369159169147
353119425308
360232321412
366851515616
369113987718
377094440916
372315904332
369735642162
373642841353
388866673969
388201568964
370155693047
374509415613
374809423306
399600926364
428162882600
425477999733
431135147371
428664304848
404008991388
417378688221
406266825915
408034079431
408808764187
414828351365
416698987870
408133060140
414378937056
419817734562
453286359584
461168986207
440540594663
501194968069
453550892757
454833651012
463357279766
473624884574
479371641384
472408328631
467353047302
486822576550
510752075208
510692236329
509223637084
534760064677
554014483017
547083833541
567950688549
590549310820
569841895598
522108089425
521919386577
542069671535
556451614221
596336842165
568963338716
582930121133
591124701344
561790439365
580143648224
588839801025
583561995301
551678410968
562021551724
550815792936
542972177613
561654487304
574790185012
575255887459
577741105555
630592264660
659190120618
669837008395
685313709778
674924566256
650513013943
674472315998
637078274495
660032041650
681615369324
717037807473
720511725600
744575587597
747611896486
778328626437
783723255287
790172899172
848468214461
893428865869
890426796821
939041247137
1018458160928
1073492781829
1094200566525
1104840216863
1059265609223
973086885023
942166532668
1026806104412
1077619519679
1025732095140
1026496430550
1026788036715
1048391631605
1046050394615
1041736889930
902121957451
969563533722
957606094811
985933106125
972709483763
984305889989
921093389319
1003969002680
1030478078681
1041863675105
1021280575291
1040988777635
1096227461531
1169211210815
1155520606447
1214589965205
1230681318165
1217502926798
1394822106964
1420202883541
1411273849073
1489660271375
1512064412732
1517649313423
1529345443379
1507720831032
1534630569937
1621159846510
1631726891783
1754854828188
1750028633612
1803683128128
1703100924057
1529934296155
1567426977936
1484843523558
1462768693609
1472674568387
1433777482244
1567737848865
1535848783679
1595814418106
1549304504643
1559659818455
1575928498041
1637624895929
1690915795081
1762849843632
1763141101273
1809131310975
1788389658448
1907849602285
1845910332667
1776807208442
1815474274805
1872212583990
1841607382304
1871878694428
1878237798150
1867512934952
1764598092357
1776022853136
1700517289983
1681736407052
1803374918346
1821746126674
1823667161226
1896564986568
1937655379707
1973547879920
2000217322493
2040703403287
1974984814232
2043446363146
2093135335756
2087895405264
1980429609627
2081414790660
2092987268043
2154329479238
2180077785132
2180620031008
2304757713489
2322705817493
2367112891067
2335086551485
2289567489272
2160404519320
2123810581924
2186328838337
2109239226527
2031141238547
2006537319092
1935729649678
1936887799015
2133740882193
2208555362499
2222013354544
2217644126788
2340538877480
2385290984478
2352433899144
2455973089977
2332821036272
2556443191334
2498817770018
2528800373550
2625165721241
2622871095198
2540465900480
2648887119511
2354963242811
2385454769855
2482934174077
2324590288620
2308443120043
2164235154483
2186453317938
1689053275648
1891099632956
1701817806802
1644399340454
1497774255030
1755961080422
1753474179460
1853199209095
1797632169018
1646657786599
1579809839934
1638034693824
1746451023884
1729487990046
1785394785964
1865622727025
1752783138444
1706460337258
1731511335889
1623706411187
1609937051699
1728255503480
1671903360160
1651475218214
1614297217746
1728080154424
1787970188318
1770523517137
1692618134896
1692925094615
1606395363026
1579568386838
1594784500273
1364266539231
1369519943155
1442421653520
1481378404825
1364157381624
1381764675173
1470233644960
1490563038974
1553378172725
1550666683118
1473685501003
1491644907612
1532282736975
1568657930512
1507111191578
1549378306824
1543152750305
1471340024606
1504851760833
1490536159141
1517371099451
1467897479208
1465307458199
1469314789722
1460516654410
1421912459293
1440169369122
1431419938341
1386607497728
1442743700029
1435180029966
1445237018420
1499415689595
1527895701641
1548577021360
1586640612247
1658254419809
1673360214443
1687466990623
1751114537992
1756289081949
1723888309323
1715999558629
1695753045164
1770873163613
1814019631707
1854743280811
1959395114527
1904625334566
1995425268613
1997148039560
2036810448076
1996597683285
2149423048267
2148792124834
2172395722539
2121859514336
2061678924540
2085423366831
2183354680980
2266553574044
2252919585789
2271238575149
2310523471969
2211863504570
2267374651305
2175046977975
2309487048440
2305651879220
2290597664102
2249458340078
2306996074113
2432191631247
2453749631677
2511673601610
2549957269621
2624270692012
2675428929849
2397169952636
2422744039262
2437008634284
2364319999473
2393252437609
2417278577880
2326265836715
2411162039332
2482273892682
2461206573146
2423149958837
2500942489526
2436393622868
2206224350147
2071672080661
2264814701055
2344469852653
2240710621390
2224199605645
2236398218112
2174293532073
2093548596271
2134382748284
2216111801382
2419536745096
2404685961147
2435107225941
2445099017935
2510572070393
2584370518118
2561808007170
2579994899310
2625922289631
2565667935021
2628082291738
2580140948900
2636233364628
2674264656405
2751459311886
2710226182658
2717371859226
2704381567337
2797041200944
2890624295949
2789588167899
2774443152818
2835048259639
2802379011426
2877914435782
2808226633128
2679654496089
2806826162745
2876166419814
2836500343315
2842631976294
