191895801564
186546296940
195594941496
196431031798
196944271357
208606952722
214794270748
212808220271
207240114816
217502487883
214307629034
218776571444
216753838056
241495711284
241450666537
239380543301
245232220568
243979797569
238603347857
238077489483
241096276030
239627207291
230922758219
231739969607
228790943350
236735196387
244783326305
256020298489
254189429935
261619584838
256789789881
259094641817
259785250234
259980299135
257852312691
271513340793
277132880462
279597762988
282454624581
289830049112
284484326611
296276318990
304723933600
303098995313
309918022040
293035544031
288863320648
285638293343
298388911036
280248624196
278909138094
282088941086
280749221454
291364189764
280720795177
267976532528
249415954197
251822643186
249570204936
244088329865
243730262091
256497974059
252249695121
251767069640
260504624936
264134140497
263346307248
234405343362
230542777990
229226037907
228327547119
143605069283
166262967593
152405106920
156161185366
145806632110
153918549853
156245727359
179690963559
179274088126
179935164752
169683889987
185578660239
192874665624
191057973270
195203094247
185421372948
182525793289
173168535727
186682735940
185417389558
216917775324
195776999725
196512112451
199328276953
196545718308
242402657485
237629861277
246284109808
243759615595
229554382872
231152097340
232398729651
230040470441
230731203914
223653124195
227294386797
238664744891
249625897237
244114411352
236716468853
258366485286
251474627609
281771560619
285217774175
231632748314
293187084179
292502414529
295303659562
325653047377
266058671177
338392947122
340418724323
316384112163
318453692225
318147127129
320897275986
357995926401
352359598891
343166201090
315505969610
306741442717
273573466844
288986734974
322314922591
303959994124
306293882762
279426166159
285347217278
285842125385
280661420634
262862158459
266678252319
264929391910
256696418890
260477168898
259614041947
270914729836
285104683731
285619571665
292588420836
286368723461
304990446132
289312636390
295314239024
297340853416
293545314060
294712439874
295057868811
298839917564
297992016077
300704879342
282619969855
287996409470
289198538294
284404408309
283457860556
288243187840
286782909675
283712756468
282408542836
284091855183
283026626088
292316244464
290894662181
282850897426
280732416723
278654338294
270055378616
273721955202
276489795083
274947628719
278463719446
272966686840
273654114111
277417509204
275576348687
283845860919
282219432992
291459016663
286158086525
283464047798
283140100434
291268826495
283637091720
288947678154
286245115603
284040926166
286344285109
283616478702
285635913833
286902965880
293959286916
303291266912
299728975972
298432713942
307916924480
314419616616
336656873371
340022778145
340179083304
343743775761
350252797966
371104206063
353476563060
357529428592
363282338205
375204083901
376118549949
391213731007
397919123545
375886787535
383044284071
366981248944
382459668489
408281213343
391757527955
417523047912
393272168778
404586307426
395983524513
386876815649
394282576386
382452354182
389640627392
393900746423
393410451410
377989309838
383141278882
376562909688
385728162376
387260271462
400167696787
404890338211
427610769754
409757986915
362043488363
367366472319
334679520294
354509712519
344420720064
335612952204
342054652593
348508832333
351322530408
380941410651
350322568159
359991679192
356283220975
359644683477
361837921594
361290468271
364729038057
357248406644
337849114376
344026840989
329088973079
346920501827
373715949830
351039159586
378348737453
350787064944
355024161309
354199099300
349177580343
345050285310
361901128585
349234593244
350276453895
366888027004
369159169147
353119425308
360232321412
366851515616
369113987718
377094440916
372315904332
369735642162
373642841353
388866673969
388201568964
370155693047
374509415613
374809423306
399600926364
428162882600
425477999733
431135147371
428664304848
404008991388
417378688221
406266825915
408034079431
408808764187
414828351365
416698987870
408133060140
414378937056
419817734562
453286359584
461168986207
440540594663
501194968069
453550892757
454833651012
463357279766
473624884574
479371641384
472408328631
467353047302
486822576550
510752075208
510692236329
509223637084
534760064677
554014483017
547083833541
567950688549
590549310820
569841895598
522108089425
521919386577
542069671535
556451614221
596336842165
568963338716
582930121133
591124701344
561790439365
580143648224
588839801025
583561995301
551678410968
562021551724
550815792936
542972177613
561654487304
574790185012
575255887459
577741105555
630592264660
659190120618
669837008395
685313709778
674924566256
650513013943
674472315998
637078274495
660032041650
681615369324
717037807473
720511725600
744575587597
747611896486
778328626437
783723255287
790172899172
848468214461
893428865869
890426796821
939041247137
1018458160928
1073492781829
1094200566525
1104840216863
1059265609223
973086885023
942166532668
1026806104412
1077619519679
1025732095140
1026496430550
1026788036715
1048391631605
1046050394615
1041736889930
902121957451
969563533722
957606094811
985933106125
972709483763
984305889989
921093389319
1003969002680
1030478078681
1041863675105
1021280575291
1040988777635
1096227461531
1169211210815
1155520606447
1214589965205
1230681318165
1217502926798
1394822106964
1420202883541
1411273849073
1489660271375
1512064412732
1517649313423
1529345443379
1507720831032
1534630569937
1621159846510
1631726891783
1754854828188
1750028633612
1803683128128
1703100924057
1529934296155
1567426977936
1484843523558
1462768693609
1472674568387
1433777482244
1567737848865
1535848783679
1595814418106
1549304504643
1559659818455
1575928498041
1637624895929
1690915795081
1762849843632
1763141101273
1809131310975
1788389658448
1907849602285
1845910332667
1776807208442
1815474274805
1872212583990
1841607382304
1871878694428
1878237798150
1867512934952
1764598092357
1776022853136
1700517289983
1681736407052
1803374918346
1821746126674
1823667161226
1896564986568
1937655379707
1973547879920
2000217322493
2040703403287
1974984814232
2043446363146
2093135335756
2087895405264
1980429609627
2081414790660
2092987268043
2154329479238
2180077785132
2180620031008
2304757713489
2322705817493
2367112891067
2335086551485
2289567489272
2160404519320
2123810581924
2186328838337
2109239226527
2031141238547
2006537319092
1935729649678
1936887799015
2133740882193
2208555362499
2222013354544
2217644126788
2340538877480
2385290984478
2352433899144
2455973089977
2332821036272
2556443191334
2498817770018
2528800373550
2625165721241
2622871095198
2540465900480
2648887119511
2354963242811
2385454769855
2482934174077
2324590288620
2308443120043
2164235154483
2186453317938
1689053275648
1891099632956
1701817806802
1644399340454
1497774255030
1755961080422
1753474179460
1853199209095
1797632169018
1646657786599
1579809839934
1638034693824
1746451023884
1729487990046
1785394785964
1865622727025
1752783138444
1706460337258
1731511335889
1623706411187
1609937051699
1728255503480
1671903360160
1651475218214
1614297217746
1728080154424
1787970188318
1770523517137
1692618134896
1692925094615
1606395363026
1579568386838
1594784500273
1364266539231
1369519943155
1442421653520
1481378404825
1364157381624
1381764675173
1470233644960
1490563038974
1553378172725
1550666683118
1473685501003
1491644907612
1532282736975
1568657930512
1507111191578
1549378306824
1543152750305
1471340024606
1504851760833
1490536159141
1517371099451
1467897479208
1465307458199
1469314789722
1460516654410
1421912459293
1440169369122
1431419938341
1386607497728
1442743700029
1435180029966
1445237018420
1499415689595
1527895701641
1548577021360
1586640612247
1658254419809
1673360214443
1687466990623
1751114537992
1756289081949
1723888309323
1715999558629
1695753045164
1770873163613
1814019631707
1854743280811
1959395114527
1904625334566
1995425268613
1997148039560
2036810448076
1996597683285
2149423048267
2148792124834
2172395722539
2121859514336
2061678924540
2085423366831
2183354680980
2266553574044
2252919585789
2271238575149
2310523471969
2211863504570
2267374651305
2175046977975
2309487048440
2305651879220
2290597664102
2249458340078
2306996074113
2432191631247
2453749631677
2511673601610
2549957269621
2624270692012
2675428929849
2397169952636
2422744039262
2437008634284
2364319999473
2393252437609
2417278577880
2326265836715
2411162039332
2482273892682
2461206573146
2423149958837
2500942489526
2436393622868
2206224350147
2071672080661
2264814701055
2344469852653
2240710621390
2224199605645
2236398218112
2174293532073
2093548596271
2134382748284
2216111801382
2419536745096
2404685961147
2435107225941
2445099017935
2510572070393
2584370518118
2561808007170
2579994899310
2625922289631
2565667935021
2628082291738
2580140948900
2636233364628
2674264656405
2751459311886
2710226182658
2717371859226
2704381567337
2797041200944
2890624295949
2789588167899
2774443152818
2835048259639
2802379011426
2877914435782
2808226633128
2679654496089
2806826162745
2876166419814
2836481415444
2842631976294
