120884259
129645595
129756498
129756498
129756498
116448140
110902990
88722392
91162258
98481855
98592758
88722392
94267542
82068213
66209085
61329353
56893234
53787950
54009756
54564271
54342465
62771092
62771092
63436510
63436510
62992898
67096309
53233435
54564271
53455241
53455241
54009756
55229689
54564271
53233435
51126278
44250293
43141263
50017248
45470226
43584875
44028487
44915711
43473972
24842270
25174979
32383673
30165613
29832904
46579256
43806681
38816047
36597987
36930696
39370561
33825412
32716382
34158121
36542603
36555756
36572209
36186510
37088236
27454491
27809851
32979720
32916192
27789404
26918247
26296957
25050580
28724177
29396367
33105696
29049095
30655815
29500195
30198980
35258268
37889243
33714506
33063548
32964923
32663134
33125983
36589439
36580905
34881689
35772026
36265278
38594241
39481464
38475633
38261532
38162111
40567550
38889294
42695374
50431305
46335664
46246547
46801062
48097682
47355577
48020995
48013229
47688286
49906346
46690159
50818929
55451495
55451495
58667682
59554906
73750488
66541794
75414033
80930376
69906123
78894725
77632093
72197846
73195973
69868884
80784477
78741123
66541794
78741123
68981660
76963367
75081324
75303130
72308749
72641458
70046857
60996645
65210958
54453368
60996645
61883868
58778585
65210958
69647078
69868884
65876376
62105674
62217721
63103801
65100055
65321861
65210958
60996645
62881995
64212831
54246990
52013502
49875212
51791696
46911965
48575510
49240928
50793569
50017248
57891361
54896980
55451495
55229689
55895107
54120659
55340592
55451495
53122532
51569890
53344338
56006010
55229689
54675174
55562398
54896980
54786870
55451495
55340592
58667682
58435358
59776712
58312015
60109421
58224070
53677047
53122532
55007883
54453368
53011629
53566144
50349957
53007634
53677047
54675174
53677047
54120659
54342465
54234365
55876120
55340592
55562398
55451304
55336482
52124405
52789823
52678920
53233435
54549796
54675174
54675174
55007883
55340592
55228448
55226189
57191567
56893234
58114796
57350605
55451495
56338719
57004137
54786077
55913813
54480333
54453368
55451495
55118786
56116913
56560525
56229841
55902998
56338719
56006010
55673301
55673301
54009756
54897691
54453368
54786077
54675174
54899160
55901975
55671162
56227816
56227816
55789563
56338719
55784204
56561451
56782331
56338719
56227816
56227816
56227816
56671428
57002910
57336846
57891361
57427520
57558652
57891361
59554906
59998518
61328543
62216577
60774839
60109421
61218450
63325607
64989152
65432764
71197803
71095688
68648951
67210746
71643332
73639585
73639585
73085070
71532429
70977914
69425272
71088817
71976041
72086943
72308758
73306876
72308749
73306914
71421526
71421526
73195973
73085070
75303130
74637712
76966675
78516414
79184735
84175369
84175369
83731757
83953563
92048939
94821761
99811923
97151019
93602124
96929213
93380318
95265668
95487474
95820183
97040116
97927340
98481855
96596504
99812706
102917968
104803319
115560890
119658439
116559042
118777085
120218659
119220038
121880329
121994072
125542190
126207598
127427528
131863649
135852268
144281416
148831777
136820990
127982050
89390118
111457494
112899244
110459378
111124796
115006401
117224460
114340983
119553423
121993312
119554387
118121023
112684304
109905472
112899282
117002683
114895514
121882394
122215095
122326494
121660580
121771483
121438774
122436901
123545931
125320379
127538439
128980187
130314701
131417730
132090711
136633805
136150865
135190745
132750879
132978001
132020894
130311013
135301648
135523454
136188271
136188872
135523454
134636230
140178965
143063416
139411448
138629894
137408805
129870769
128871819
132978519
135753540
134094722
132062079
131425811
130754625
129330360
132210138
131758492
130883842
129437407
128659066
125547494
127454765
128442813
126466296
117078230
110922984
115671819
116891801
119778092
119778415
121993418
120361560
118376658
118225380
118029105
119556417
119112991
119775376
119891088
119788266
119878213
120000789
120590795
120564629
121671307
122551683
127105449
128321394
127656314
129204194
129231430
129436228
131766160
134849065
135854076
136522143
135316984
133881977
135523454
137182221
137869066
136950250
137740751
139737767
139637665
146415998
149174278
148289458
148362493
147404720
147656647
148180600
149620052
150044114
149848825
148454588
147208260
146431240
145690939
148610695
148164512
146406728
146405702
145732831
146724834
146835769
146191982
146398653
146171423
147175916
146441809
146853612
146623441
145313684
146315811
146297904
145922034
145908992
146409090
149762959
150641590
155284492
155203928
154049063
151300719
156672097
157600015
162000296
172542462
173600150
171807614
173844366
183991037
193108124
194774671
191720112
194723070
195953380
196925354
208450290
215993577
217292140
229607032
227598634
221483289
229335978
227156888
229815777
235288280
244908058
253322259
263768155
268844259
271098036
283437007
274815936
305382678
304356882
306070481
300829395
299040304
328055883
333543002
333257767
339960588
332316001
332051408
339157972
346512801
348488418
375014643
387021333
384620745
387949389
408865963
459334470
480284825
484335104
489825118
530850649
525777611
544620843
510190143
540954674
520991400
519842990
523508064
524332332
568657931
658819784
713281075
787080039
777567944
714715030
788182814
838413168
887876529
993982423
989895594
1011453598
1031926117
1056371195
1182069387
1399682877
1586181030
1587691893
1651853338
1618500457
1889447574
2155742598
2637209743
1929040686
1038478573
1269176314
1052317439
1036165061
910758243
792925930
1057831592
1265389385
1357836887
1458850245
1311211462
1443918136
1621031396
1757015074
1662567916
1604158162
1508064556
1500318494
1594383980
1625021515
1358673249
1248382559
1154837765
1250828598
1350368515
1249470908
1287286997
1317750584
1309217539
1378806597
1285226189
1332665483
1362265146
1282064862
1265858802
1311072525
1367125065
1387339926
1362182423
1369839668
1368620345
1385753414
1442811301
1492278707
1500134618
1510813810
1471491582
1464952613
1516688838
1474496067
1485825214
1497296283
1437485642
1434883307
1406578597
1414112615
1389106810
1298130030
1275955772
1169828122
1217518922
1255194199
1243938193
1194977867
1158694188
1162915690
1160862567
1177907159
1221573004
1234138293
1212266980
1199427500
1186262807
1194755595
1176425104
1153867459
1169508300
1144709457
1064322258
1053390017
1066895734
1012915189
1049636701
924707372
952781241
805228934
802374555
889305621
892636032
904862884
1035815864
1049594947
1077656868
1096281630
1080732456
1124757980
1101342485
1096167056
1025775680
1044240893
1027394656
1033687219
1035732940
1049280583
1069091356
1087547422
1079666242
1010443726
1119053351
1125481884
1161110323
1182726607
1164194562
1155131856
1152552070
1163059573
1177534159
1178425466
1167231914
1138195570
1116327089
1125938266
1131984489
1147854217
1183422678
1194575063
1183101977
1184905988
1207638048
1198026720
1239071249
1266212018
1328010981
1313378131
1302052256
1311142663
1360377555
1352866619
1417571249
1420429192
1427980465
1504458616
1539523452
1569722946
1562324851
1555296342
1480205864
1482861037
1418708280
1453278043
1434711801
1475459653
1481018932
1539656958
1533395827
1544193397
1510476242
1522467021
1531574453
1541406723
1541880185
1510093043
1495378939
1500431724
1497087865
1491510561
1505875149
1500121015
1520095291
1541818879
1532560817
1540775696
1534301443
1551583532
1264082441
1433906116
1483329197
1476641225
1489466194
1504261250
1509383655
1528509779
1540383469
1546771468
1555821268
1617981624
1646921153
1741940426
1670320608
1746948365
1856439841
2012427990
2020922985
2181664797
2305522255
2474114024
2352827238
2275439747
2187058938
2375771832
2387222215
2486400642
2412709916
2475955831
2467863476
2505623249
2591423037
2778327591
2974905126
3225716146
3578594269
4104268329
4161367998
3967041699
4215239493
4346628705
4839221027
5082154726
5038626602
5317974672
5891535427
8343201949
6634085863
7405406712
8937168573
9879277070
10343880422
9964625644
10135088899
11646213561
12483692983
13218062494
14539413109
14450506702
12312483540
13386862347
13642057709
14738915773
13291958575
10613218328
8904462777
10157309868
11641860321
12718731400
11400362884
11314747826
11464125348
11026403305
11183438095
8970764133
8720287134
6637383501
8805412350
7847068314
7634662376
7863895407
8390536083
8355744275
8776299130
9739689399
9338934275
9228839368
9442830768
9559768256
9494251017
9784849962
10174330875
10456301347
10707187896
11682178642
11907541428
10142677460
10674441183
10699377119
11055083015
11634624791
10942574659
10698286833
10609319174
10942679765
10588211486
10381563517
10552296038
10994125008
10825063703
10819138135
10725089616
10652183697
10093750268
10527580501
10590174928
9742384441
10210866602
10373460826
10446807931
10503919650
10593499755
10677912271
10611751711
10539873772
10238372990
10024086870
9266093895
8975258991
9091235965
9042646319
8899497535
8614381684
7973371509
8836840971
8656075278
8215922701
8530226689
8475386184
8404689334
7576630715
7830427318
8240566453
8236584697
7265382358
7249333294
7817822745
7751129140
7357430455
7613767315
7552454438
9045448352
9018551538
8912968617
9046942551
8470331790
8299122965
8565013593
8429957641
8446671457
8570002792
8645015104
8468885931
8570789393
8547513215
8414619978
8344149659
8245169223
7945812829
7704843102
7710642950
7580424864
9009094609
8885661982
8967916886
7256107644
7773708253
7654656417
6982759023
6919187885
7481455981
6417249336
6889246643
6921551869
7202623585
6213427674
6931203375
6195820703
6015472741
5191533347
6499695851
5794470636
6259228538
6808467938
7841173151
7450509180
7575697774
6754179882
7663061889
7338850887
7160379421
7342837125
7260813773
7820848496
7089993943
6808479928
6366317770
6094638215
6178910289
6683773488
6362058974
6259072955
6060787889
6213998777
6443055586
6376816156
6572248789
6462491725
6483940684
6518005073
6391450925
6469211473
6486246254
6534787409
6553212910
6967270014
6859895179
6634837426
6644968568
7608595649
7321191356
7841675594
7778034026
8084488609
8506818740
8673383637
8507368579
8702734735
8458408362
9047265367
8624925217
9301565253
9819743073
10095542599
8849993855
9696679022
9905344964
10020405283
9897212093
9653864846
9668609955
9290038236
8645800042
8805117626
8446967956
8813017286
8663508790
8852162405
8928547855
8667070527
8582234252
8793638255
8739434679
8469934634
8297869729
8099164900
8359769190
8517510385
8400467446
8283561517
9009776871
9029344349
9179285627
9467968453
8861041683
8625393959
8902067489
8736155343
8560643575
8544784809
8461090979
8722623354
8752500410
8666774170
8527965221
8547275740
8460921665
8575398148
8720772769
8687415115
8636416962
8582204261
8533824686
8546850841
8299400007
8275108897
8183333734
8144015967
8064060888
8051119947
7777215552
8022493185
8245161646
8138834394
8112611944
8119251680
8025297085
8024501078
8093160530
8126538594
8116267582
8110455431
7864770752
7787016793
7509784669
7003411195
6822017603
7172530155
6815536625
6464077770
6742818057
7100274461
7237972646
7194392681
6961750616
7141765746
7070791736
7320192200
7232867569
7157187449
7206954913
7109584908
6800434721
6716884935
6740414992
6745506403
6965829976
6845784428
6882327976
6837219850
6733947721
6780850269
6862926956
6848147274
6815171964
6876893564
6852302051
6791176085
6707009833
6610844518
6189861371
5720280614
5788175316
5800434094
5864557221
6357156222
6163368429
5960977423
5910821066
5834131445
5515213614
5473755292
5680159072
5626893106
5460131622
5276604673
4821959940
4599415061
4697243561
4798163843
5205555375
5358451872
5268215608
5298233288
5532816812
5708804356
5835692629
5740285318
5567132892
5588822010
5709675944
5663642276
5569709831
5626526580
5560350509
5237390255
5239880285
5067526913
5172879707
5123194770
5199910874
4903192436
5058022429
4944310061
4768080963
4758931712
4772655894
4844738145
4973027640
5137455732
5019391938
5057610935
5314030600
5363254942
5408112673
6267548120
6122013552
5856788222
5517118666
5744329158
5698932352
5485263057
5543861340
5277131831
5215174742
5339768048
5539250231
5647906034
5707517339
5677678312
5791358883
5878119442
5815157415
5776808293
5867731115
5897566084
5811830671
5735585138
5858292259
5856721831
5889820708
5690967652
5569064279
5460483575
5550306799
5598500045
5557608342
5654351374
5678948944
5383336272
5493941732
5376855223
5246738689
5552976727
5395646449
5585913170
5565465791
5369437575
5393288290
5526703201
5336849210
5348217994
5274504011
5262803183
5438806061
5325195075
5356318903
4714999440
4392335566
4636974666
4845349943
4991359196
4748672692
4871755708
4603971533
4460363078
4453611797
3767246147
3062031413
3578386640
3543044561
3398773582
3564306348
3652913426
3602052644
3840341777
3946055791
3910630262
4146855844
4247210476
4526091925
4345568488
3877958136
3859337774
3764829374
3602350636
3749958515
3910862566
3743360059
3750474676
3651308006
3715260232
3826422367
3739422599
3664762803
3673069186
3661113902
3715408678
3925774339
4226325222
3883769260
3857684503
4016235084
3903128757
3959157442
4002060696
4017641710
3883761479
3940705627
3933420097
3913017045
3900033470
4153971181
4145466693
4204035637
4435020568
4429250726
4337087538
4413137312
4338977021
4385908167
4348746674
4582495785
4600952856
4672319537
4669002913
4477511652
4505129447
4553938217
4622533038
4527246221
4097101373
4171441087
4181578985
4152030068
4278028698
4241623238
3920241912
3921109123
3955572282
3924484508
4013731197
3848041323
3915440587
3847470686
3891414994
3995502763
4028948581
4016736948
4119685860
4056298496
4032823935
3913628035
3882364283
3759877425
3752765214
3753016968
3571536427
3493571124
3551561152
3628951059
3544476520
3556106045
3541345543
3570013398
3749779377
3714162368
3741423567
3668938498
3599483071
3501441688
3606388150
3576571782
3582148887
3755444001
3691731368
3730919202
3807877344
3786363199
3728346819
3631337220
3749773279
3844790478
3817741144
3788347734
3809106293
3800979351
3701301806
3722961300
3726418102
3699777293
3697823736
3627197603
3652359860
3681224980
3698305779
3816682323
3801269856
3828326664
3759354961
3756496134
3773511741
3825892862
3850907093
3771970806
3710230147
3581345409
3658612418
3646644950
3621814647
3643774141
3660166741
3624227201
3707502201
3714476760
3698359347
3716171741
3715579333
3775372152
3787797149
3861165030
4132093954
4116194259
4148132643
4104530146
4108166463
4085104076
4140393076
4098031588
4037166992
4075816939
4105636087
4240385296
4212734854
4355967297
4430343373
4367449368
4310250313
4346785065
4396274501
4574070895
4540164627
4482561078
4594864618
4605324786
4706439886
4832918569
5145216760
4843509519
4758313815
4716520082
4570943381
4602669256
4571482633
4528451603
4607490492
4540334164
4569181528
4553920886
4762985025
4781631863
4853402535
4876154345
4896003410
4814951856
4773618872
4721074042
4644180352
4670953910
4641003385
4722624816
4665464271
4594398918
4623806064
4388766915
4468417710
4464501272
4591998143
4523541020
4497815039
4528598610
4493673558
4413746510
4387097032
3906793884
3887901964
4055772632
4004069738
3959643805
3925326608
3618340363
3798767060
3855388911
3848920605
3948258550
3940298156
3937288491
3940494508
3912637026
3928735704
3885091980
3937065725
4027348924
4113698826
4105010596
4158347326
4062774248
4063110252
4074880337
3998299207
3912262235
3908978903
3919828456
3882876352
3951301165
3946346972
3935136620
3939932105
3862256789
3919334959
3882006551
3953608018
3951059932
3936872513
3911895805
4003893777
3935519904
3949534891
3958817760
3969506491
3980797394
3963069800
3989254411
4095843450
4040345310
4015301512
4057190062
4075590390
4118643218
4093671831
4152819460
4182628181
4221462612
4338684708
4462727354
4336282816
4345030201
4421250770
4382116079
4516861249
4547418874
4628340998
4639571397
4680971561
4822605410
4971380875
5161266599
5398306859
5140014732
5391654373
5927929884
6566964159
6571580470
6226187366
6045021178
6199554641
6032123909
6117822630
5491115555
5091900904
5472679139
5490792862
5408634481
5216247162
5394909379
5466995911
5447530462
5303953488
5250123181
5339225517
5294609219
5276248714
5219566242
5366838913
5747184794
5810171469
5810519514
6046911136
6100375297
5872016610
5816089751
5835377731
5913138795
6314367036
6329738572
6437470800
6860085698
6876685753
6813069004
7448662390
7155887274
7113594352
7213057015
7531358916
7383980886
7400570188
7502169371
7479585395
7168929007
7092754124
7063851322
7179848297
7383740406
7410957231
6795469607
6912761383
6881881821
7052878471
6939748722
7011567733
7087454406
7088401709
7010878383
7100317252
7095835602
7067050733
7511365669
7447691485
7366415015
7345196157
7353167312
7120797790
7092817805
7085694240
5950922138
6409003237
6308880659
6399196286
6267064214
6939332389
6804941797
6357892819
6461468585
6731257770
6586656307
6651154284
6675841657
6422922860
6467906698
6435223881
6286010668
6320773253
6379810563
6315011861
6654811732
6618988614
6466756343
6485740906
6431704699
6564527263
6671152803
6705897942
6787702304
6973978276
7234204218
7117356597
7158024779
7224139498
7374806286
7390230088
7641918456
7679024089
7724766923
7465241441
7592217219
7589450153
7722220616
7736699724
7756256815
7813771142
7829089618
7707431243
7759935954
7634759762
7510840243
7654050038
7688727942
7760972119
7884492400
7841632406
7983093495
7968537215
8105779125
8013528620
8090105851
8037935773
7967999039
7786070317
7820051593
7819373587
7970261350
7984170434
8091608119
7956699886
7948323515
8003190031
8086933143
8105694593
8007891482
7986598184
8001806128
8074589089
8112926900
8127006815
8068586975
8046710001
8032437034
7988625725
7887770122
7801105580
7808617064
7842401306
7810069426
7796473396
7875904046
7935062013
8002640988
7989484420
8029292073
8111809772
8215969077
8319588503
8245128533
8385926656
8487130469
8445738376
8522478542
8177400644
8230051250
8337945774
8310691915
8350550980
8353344711
8456774689
8372231647
8403038668
8564780628
8554032230
8583564120
8588509367
8412605866
8470700970
8539823362
8624132417
8568493852
8589917815
8601764696
8674449778
8834388522
8590863246
8656510396
8675574955
8623400734
8642500873
8628465135
8688446774
8745281580
8909965074
9865420884
9977180282
10061062473
10143717299
10238678045
10268827405
10737230867
10766342674
10797681871
11045802041
10964635463
11053109488
10960851392
10984166751
11533512038
12603688063
13294783589
13125328340
13257834168
14633870212
13888578584
13678119074
13928002668
13393171778
12415275513
11378443510
11774609787
12502120650
12487602356
11853986883
12412863966
12068729054
11989813219
12534634042
12545990431
13022442179
12265664067
12618245418
12342803683
12488915822
11799983144
12367846649
12064106216
12062119115
12047623599
12512490669
12375906858
12570773820
12648934578
12635444639
12876189329
12679823416
12879338251
12788631526
12745193948
12662515558
12786500663
12736132133
12690976941
12425091700
12654209769
12675219861
12648916703
12596061267
12042285386
11696787672
11170133861
11177853999
11397579169
11368010355
11606573935
11646831283
11564094488
11530602490
11560242922
11494144504
11463089681
11455517767
11208656349
11125840561
11280457332
11178150949
11190901487
11220095121
11364884948
11365543174
11432758843
11368287735
11286074873
11218368651
11309606726
11180394357
11259004938
11194350091
11284119851
11255249980
11253207735
11362708734
11765028572
11913207408
11892080072
11863936264
11989402981
12170990701
12121762823
12211922953
11843825490
11895159831
11954308471
11918278799
11986945780
11970983409
11993430806
12030103844
11987713533
11997347454
11851710813
11815928661
11968807958
11940427517
11933859302
11993033329
12017531267
12040728835
11986134134
12068554350
12079793615
12041477647
12100270654
12012983967
12032442602
12010528633
12052567383
12097164736
12029286175
12069138516
12412483090
12373953515
12372408114
12449759078
12424747824
12469429611
12419330271
12464213553
12319201413
12359902974
12399271871
12794145134
12732543983
12716964857
12679257163
13043357330
13217791537
13134640459
13423644212
13293834638
13298772564
13747060754
14019532955
13076674048
13400199475
13452169377
13584503014
13431287773
13485389531
13727600544
13517970599
13596969276
13343630548
13331077293
13385880696
13467108460
13855638489
13865292618
14000582766
14094249015
13713758221
13836187352
14037042405
13985233931
13779411060
13828933422
13775398430
13638016564
13667437781
13612386334
13849283904
14026828595
14313651152
14304058952
14417649269
13906871563
14296448800
14382999951
14301462373
14332052498
14311199954
14296603876
14387764506
14437116414
14454090502
14306015232
14417514810
14516516785
14541622434
14568011771
14706802753
15247489539
15748563287
16603700209
16327804186
16304831962
16450861862
16917306914
17763827304
17784036770
17627064287
17807812750
18247368672
18478448984
18876178431
20951567276
18450878252
16766166453
16894309047
17045918150
16694422247
16941975046
14657584295
15112230672
15480074037
15356763532
15441239830
15597096990
16884090045
16609887085
16748817364
16684702416
17174827574
17202289304
17064145051
16637766282
16723698493
17100307669
17128415094
17192533353
17115679598
17216948309
17988552583
18402502227
18840873123
18985682961
19209012849
18895789841
19116458439
19616859785
19689324799
18478437115
18573668102
18802537514
18730287417
18723925835
19139503760
19139082508
19546250983
19836035215
19879520961
19878824352
20231329382
20962764024
20967446573
21947253344
21957596926
21474698018
22043905710
22307529305
22431943765
23220438190
23939331649
24421912771
24013889622
24219047844
24451348867
23552197961
21902280486
22737574876
21583427873
23024610985
24090036294
24909162357
25103812544
25957858137
25553222481
23805568602
21186927092
23131605887
23349151635
24616957410
23377267733
23544319610
22763024919
22947729316
22986566947
24077410049
24354938376
24607324079
24842548903
25637811444
25979893274
27433270690
26733101695
26957939937
27040412654
27551734287
27582492614
27737926118
27939276803
27978625450
28161047284
28555610309
28287337518
28281955023
28533884257
28497979283
28866442143
29470436824
29098019129
29873579089
30102353791
30377701864
30466670038
30667209973
31103059430
32034239673
33794148192
35241268704
35884866254
37137490716
38280843243
38691908394
40822011444
43527384935
43480467972
45526907760
47338068896
51196958741
49999178799
53094940624
53114075431
51399366830
53654660679
54350483899
55414852187
58209852687
61119073750
64160640975
66562977247
70001439068
71599514346
71982073574
80074854633
83913387461
76432900197
74153797183
67253611652
71913613669
77110933971
77577361006
81690851430
87440667803
88915308261
91296483040
94339171183
98219110751
103281479687
97827514593
101972653420
104963172558
109067241796
113813124091
112030444799
115444191227
105244703565
103510240927
106561370592
112967652463
108782404299
112555738633
115389575175
109455702234
110364970117
112247518049
107547844339
102781750683
97150510314
108037551628
107783693155
106935969555
103374365032
96783596838
103103902640
105096433730
106373254915
108053055846
108501196773
93952457511
95697828688
92817253372
81849538238
78860269582
87030132645
82907100360
78582887109
69527394815
65535483204
77874550427
84121268743
78678877922
95553489184
91230235156
98125891540
96001735554
95841480814
87237429357
86671799392
89224954380
88788013707
89797974285
88554167812
91190916491
100442672025
99865114996
101822229812
100244203915
111608806391
112551608500
118573718092
123406296785
120746850933
123324714790
129791184258
132892240749
134880296292
139843188930
134756518854
141497370475
141837131781
141195085808
144436405069
144328170618
144339084971
148029505598
150897273849
153461477383
155248710177
157662747011
158639299851
160536334117
166029817213
168620336623
174877229398
181995486238
166360485140
168134972075
149020530538
153939459803
165096308727
165662438987
154538838327
152954966502
149490657017
148505852185
145587799450
135755236375
110539456457
127597825997
126992520518
126930643733
141680332973
135144243360
134105625188
122957649036
124339066332
131108975898
127823659873
136034225775
134537108112
145275765469
143835122403
141139743417
146451517624
146940542932
146406640739
144023020559
141115428953
144284226983
146606180556
148630934465
150702484435
149865556079
151870436091
154255806184
163628181882
170990225810
173763376011
172965751715
173953784689
184967464077
181365629127
182534742034
185119880392
185787689520
185391817093
184623881838
179467336459
184453816224
187757682343
185016313477
184383085044
194032514112
193757784855
201240368055
205360519312
212960073968
230047745628
228771883648
228591992462
217283739642
219314848110
210402895435
212137251737
203100455876
206463188071
198496213678
210745771149
213459995918
224256718001
229121009976
232553607484
236807192750
241227777402
247625559743
243955389045
254439954705
257802449360
278097849584
300901229283
313680648834
318339339776
323043717039
303427579683
311469696207
336710122192
337062467130
348090322289
360482689671
360764270461
392123536499
448590675763
450351076945
423326281621
414616772695
464527186459
508394001559
498711284628
533144059616
546368035555
589823986545
599115554894
621545263001
625606486922
629190757026
613871152256
526681328336
567254802329
548519133299
558197750045
607584641002
594499978341
567167445710
605273663311
550610719654
603700575728
604737636642
658104723248
726607778591
729170636143
744471998597
782794529649
795848833838
745763687090
735456930724
736763126954
669539630666
721263079897
754727493493
721047498002
693307168131
542095077259
558568359004
573572798986
583468934967
640543385861
570848027916
540136716192
535468125868
564907396836
554989446482
549611260325
567330022346
595557636930
567236354581
504244016210
519205362541
456076426788
430281300845
455176924367
395600307253
328214393080
371155822202
360589684850
393531496872
427266149061
420822082954
397202365568
431250163499
416192356115
463196097637
474893684430
486482588601
515723605364
480556278806
506640078422
483784202223
452618448808
427963197526
447099146627
428974669896
432107682104
452361594182
457285790025
441307865038
459138894708
458240833442
464779364322
471576497865
467338646985
439666756809
404993330261
379417043909
383737040344
362193880537
387510017977
372910186880
374480231668
332850304026
335300679957
335302148381
311059630179
319247092182
340088959968
349923861213
347911453679
339445454091
345498196351
332361245133
331673523963
315075872012
298743714865
301008737885
265928147655
260721858101
262996112804
255313551877
264120582181
281835663383
257209469049
256583319588
249434025250
259546659952
265886442889
259820292995
265298518567
277763861679
315922789549
314575985531
319193230860
337615540882
327943931640
323354821120
343767257187
359229491889
391346847642
384616684640
388046863932
406708440524
432222741182
389118244606
416502050147
401003322353
427671343579
435639966941
422273755338
421010282482
433764894421
454544743206
454202667372
463799791902
451750590857
436016464737
430439889195
435921124433
414660165919
380233418731
387424610712
405185419146
402729308576
389750443329
385829583451
367226818193
377994424190
377627641134
392087616206
382762596515
356143278843
329870929923
341851519799
333534641622
329536361633
327058588018
305302071440
329459043004
325645082743
333331746842
336053310941
347944076718
354093218253
340574684521
349827531703
348289400280
348313465662
344244030753
336770538599
298521264279
303389169036
283316836264
271807230035
291236333327
277921884789
281409748775
279398853617
289565405806
294399688997
292850870257
288316928921
256101375879
259266952540
253960460227
258374462867
246408535256
251956760839
238836620953
251136894273
260502339933
261724682459
275541127822
268818181915
272530720279
268454682637
271135231639
279107890856
277541536123
271468587888
253349600068
257973272476
249871873221
251390807378
252560327937
259868984566
277227016628
296234314036
293169455212
292139364404
279200672705
284429679151
283010053982
288339398689
307436615845
302066044094
293971644535
302296444510
303424309991
302496865673
295821839834
280418747683
275878877053
269186371368
267528554283
256060806557
258210807111
254034313438
241702459937
222865424589
231844632114
215697229973
212967905657
214918671007
204123614800
200999537132
203689725713
206647651051
226322830874
214507275193
218732356526
205589203799
213580507125
207208728566
213300690311
217574468942
218903562820
217224134559
227529677085
234784193465
230310233196
227543785750
229223300960
238753701980
239984869540
237726693994
240200724026
209196283284
207913489708
201805800191
192673124031
194432010676
195327006127
191684705397
191917743875
201172424440
200312861265
203094053578
203038215189
191732107358
198329479791
199748607594
211036311498
227562038736
224473345136
226420131078
216438708548
213308034410
213760041810
223893604114
220788624725
222508663189
223129823020
222035553227
217239875391
215821810848
218158551934
220200296552
217183998006
218036294737
221080616775
219308419429
216891045155
195371014155
199471377251
200683045492
198651962426
208317257223
211034454540
211122828061
207866784792
207519833064
209089115238
209442320292
209098128707
209662136694
208873002931
208336629840
209006956941
208779486424
209452218676
202500530032
203377033110
204948206065
206202175832
208365546014
207726023047
213841053986
214026627559
220857095101
221542592724
215887928125
213010901546
214490997984
214697949376
214237072255
212325330808
190966362410
187499574417
182637077260
183349194541
186077894806
158892700452
145548507903
150745180668
140936523879
140787118192
125959852772
130128798528
123900436493
124897550133
138922530171
138076016288
130575712734
136267448075
134243022625
125610622614
127458600888
120117551639
110538494728
109369197135
110564167210
114371658772
110410835494
107803359163
110597627963
105173349777
102583761592
102359376190
103787269250
115072431685
121469023834
122427893445
136645279019
129201026695
134273632076
136619648186
140023002159
131553290034
132050146227
121974598802
134603422666
130452710420
133118875466
127238174996
132866237955
136870558868
131809656057
133824608705
133176075473
140226734153
137932481488
137568900690
138151732080
123326687832
122711757370
123118445775
117661021606
124233176693
120717426199
122061418505
123171363271
121477967177
124573814517
119054763366
119164848361
120966621959
119905198631
121166304747
120071072815
120571431618
118602600962
113350815007
112181846697
115568218835
113503914298
114473274461
116527421713
113909534400
113648348955
113843900131
111209880433
111489548971
121508457947
122496938161
123460284971
120443396457
121322791962
120577724843
118947387484
120078271888
121130943673
123724717784
132653208631
133257884084
136092361573
133677634669
135654178138
141542634479
126842522874
130594073736
129909843925
129502378683
129679950792
130561132618
130795065303
129298836323
125825740376
132877399827
133117275695
133747991721
132542961525
135684351415
135456204656
133216454852
134643718456
134451730040
134259575871
137318495769
141730873021
139558050410
140617022903
140834790750
142242093622
138693027717
141134398108
142485898006
140516850122
139552400009
138952728759
143327455789
142700200810
146871046864
145894352545
146122587378
147703668045
173107305374
174474862613
172336492988
178214653405
178297640560
184571447894
185227455470
180284065243
183781323179
173107349038
173058173300
172970628703
176896013632
171489653656
176737808765
178246912462
180591268478
180517502116
180836921950
177910213783
181084069620
182237284854
178090470910
167909936857
172315620445
172659345050
171369097639
170532142379
177434764819
175918996522
179252519665
186572478552
185415818513
185831704415
185554578107
186289424830
188580480127
188844239629
193136690228
215092947092
209519969647
228919137318
239782203651
254970182916
248171416464
232748983359
228657374335
254724768116
248606156849
249841012859
240345239952
246140321150
251318190632
252851393632
270011267937
277231225545
276120741985
276754976037
263119428670
273008863139
272098381739
278010891218
258924276207
247114391805
249569942283
252030176928
257996844166
255152017431
245136945822
258942052342
255844060313
264536166289
265421849273
274305461125
279249601017
283196900130
292111706770
283886144889
289350751413
293129702957
309919687239
327798197154
326975999757
330648554310
344185688672
365936274559
320392055359
346715361735
342163630625
314199030642
311080889703
313768778832
336357082493
319044489207
315520466971
321657130471
327975099733
343576773860
347429600100
331114261683
310174882601
319639104411
309625240760
277020338037
290852577246
254763280851
264352603814
286238922938
284150680287
292403742281
288149350114
281246714616
269923105514
270100783228
272515445877
272947644686
262677933492
264387234181
262682536735
265074657533
276896436683
282159828599
284222369690
289799916744
292359330159
310577987568
301603648908
310436555070
310282689983
304000283979
293508715577
300885352937
295823093741
285928868569
264545957537
270955858493
268629977143
266487659481
272517230901
283367193520
279036992391
264282686362
266479982147
272039670308
266339385363
265151969057
269544538921
265687332474
252501232193
245546595927
248667359230
248847513775
251191744564
264304504242
269962145427
267204085144
266989007966
263400881961
267064525957
267074103517
264815899840
260169383849
261273746717
264817364742
263848915334
265939640343
265278309703
265557966370
267405798325
270618717812
272162013478
269619327119
265367882585
265187259355
254470440750
220672461162
221164932425
212370092430
216043799050
216645563290
212542144630
220735943442
220008770336
222607010845
218451378797
217945481213
218166667186
212037577506
221293353284
221384842597
231774898422
230383570131
223529605085
223369570055
223620162191
226777182837
221829570548
216697642266
222241858091
218380733046
218432205253
224314717459
224454880002
220743618755
206356018753
205911800379
236066161498
246618470666
254436931542
248198879977
255464890659
247383394497
247255131813
248641032609
250843826714
248201861794
253903495221
253509032306
255565519362
250356631526
240019233033
241630907353
247451306068
240483338964
243220767435
241712636721
239129536740
233668317341
234680416868
235342267882
226367394446
223828658605
222274230755
209622429356
199190757115
202069320199
190308823697
195132076255
196696662221
205036942144
203686353074
211168372666
205809939870
202728304585
199861200938
200005326245
196908664772
200848578505
204448396328
204206575103
205558980120
200376100758
197490188140
196295899501
196141497750
197820215635
193463124043
194265181593
187176337089
177833163271
193080606676
189635851221
191486106886
189731840531
197932034058
193846910230
192309701146
190477849083
190655520758
191830392849
194037903066
196580210074
192681084674
190930328301
191922590005
186571573462
195602913134
196440106894
196973550784
208635696345
214825121651
212837786517
207270667827
217534839525
214337150105
218807278640
216783591191
241527669369
241484371598
239411400809
245262793028
244005967913
238628128458
238106232038
241125305593
239653250871
230948912246
231764859178
228817314349
236760667342
244811762476
256049432212
254218633153
261649400876
256800690392
259118717730
259808260070
260005120096
257876691353
271537540235
277157781044
279623523213
282469282385
289853576860
284509007088
296308481141
304757128862
303123527000
309941681267
293043141372
288870180266
285645784550
298396487719
280255145895
278916680371
282097421040
280756803114
291381540711
280728508570
267988916172
249421964909
251829248499
249582362155
244102536872
243735688056
256504080305
252254883462
251772055043
260510448522
264140378541
263351614602
234415664998
230546530584
229231069030
228347914835
143616361509
166275721049
152413152644
156169084441
145810092137
153921783278
156248784295
179723606554
179308317433
179965931214
169715034888
185613561574
192909831219
191093373245
195240893489
185454571858
182560102537
173199445451
186726650526
185420408747
216921162311
195783598817
196516582702
199332410825
196550133514
242410697277
237636326740
246289944885
243767574220
229559765679
231157882230
232404091437
230045211201
230736474655
223657810430
227300337308
238670573477
249634357276
244124158240
236725205062
258374905848
251484744621
281777803536
285223117396
231638300533
293193267332
292508212487
295341007625
325660685321
266068707863
338403686017
340424916977
316390745839
318459614719
318158298549
320909459408
358008850998
352374312770
343177577672
315517358943
306753138123
273581709033
288999146353
322328743636
303973061611
306307624263
279441077579
285358372936
285852441658
280670678205
262875107158
266691550924
264945896902
256705312938
260486636542
259626695788
270923727234
285118652225
285629937633
292602744380
286382078332
305006389845
289326887686
295326383829
297349907915
293556165749
294726973188
295070904390
298855472824
298008349479
300722601778
282633126476
288010222791
289203747129
284415527311
283462476142
288245135307
286787162410
283716659587
282418613590
284101418086
283031961429
292321220482
290900012557
282855271603
280736400394
278658065566
270089496087
273727144967
276518182468
274958788630
278479883045
273054675203
273664696777
277424724238
275581899714
283946846438
282336263455
291539221722
286242831293
283540689196
283186332661
291288719779
283726077297
288970060721
286356769860
284126260960
286358074075
283713157075
285689485307
286964237223
293971132286
303302253868
299781332705
298484513386
307966795206
314520848369
336747144544
340038704266
340282168402
343859171529
350356870557
371276349854
353595596716
357679667680
363305507861
375229699525
376155244222
391386315614
398089097097
376008354078
383167630954
367080155468
382559123558
408370703932
391844023291
417608478258
393366629178
404714537889
396112533787
387019717497
394467456095
382584915965
389776217847
394059992068
393548056193
378128424069
383264618015
376678422632
385832013694
387377079463
400288990801
405008080966
427759276235
409937316175
362149248411
367493741663
334775060374
354595574167
344465516054
335695327901
342078938659
348670358688
351513919431
381122745200
350351241286
360164292154
356332575059
359808951648
362569431549
361801195218
365035933845
357527781718
338078968229
344086564627
329393470022
347174984618
373738094560
351084739174
378388276147
350882293648
355107160949
354227943542
349231060241
345080849444
361948482362
349280997476
350294928558
366906685647
369183172654
353148015597
360266244316
366901849063
369168844697
377119307462
397165891758
369787987926
373697986453
388896693146
388229304358
370178135346
374531715364
374834097348
399617728711
428193437881
425530529946
431149854770
428698027511
404051443550
417397052632
406284964263
408053397543
408854256272
414847477341
416720585303
408146257625
414418564572
419831761719
453304151097
461207860844
440557589437
501230213415
453569894740
454874663869
463396194964
473665395860
479406670797
472462443676
467426121558
486856336559
510781202981
510705384012
509316087711
534785507342
554043429091
547096242194
567989885590
590563002290
569875279151
522143123847
521951038434
542115935849
556499030522
596356890583
568987773719
583028371652
591164452025
561822254157
580170666203
588940278519
583606151005
551731470870
562113075977
550900893816
542996841390
561753696202
574818669818
575296135819
577767270822
630617313850
659224634038
669880212723
685405184965
674989396837
650549438274
674518965831
637128557437
660059890910
681644076513
717074641923
720609222807
744642300583
747677585702
778417315245
783857392386
790253378610
848560030430
893518909076
890508636453
939230229018
1018571075457
1073627207819
1094294653305
1104958020304
1059342125116
973172083329
942227931207
1026973245469
1077730063057
1025826446351
1026630201129
1026985129065
1048555433791
1046260085569
1041879150112
902256239646
969744219494
957803261058
986207244511
972879603828
984460379747
921245486181
1004198902623
1030864815563
1042148087845
1021553893161
1041264399808
1096343766100
1169365962779
1155819446599
1214989508804
1231036006437
1217940155044
1395001963842
1420384848268
1411512543203
1489887727109
1512481032908
1517820415199
1529469931622
1507883468430
1534870275304
1621331889704
1631932696875
1755014358170
1750237014613
1803810657938
1703211096238
1530093939920
1567650971118
1484975450473
1463124310203
1472834550933
1433974879783
1568055969862
1536039637341
1596018226457
1549411205995
1559787530269
1576060444645
1637732346671
1691041424336
1763016317399
1763330972390
1809243795188
1788487728315
1908007796894
1846014256057
1776919699020
1815588777572
1872330091300
1841728167008
1872017596746
1879210007201
1867592153665
1764685048845
1776166385179
1700672425857
1681830769183
1803470946700
1821844691096
1823767004634
1896641500953
1937711252440
1973649360021
2000307708107
2040862129637
1975133418638
2043590753486
2093240891201
2087989088056
1980524588105
2081509312416
2093278891695
2154630278434
2181172698702
2180687310224
2304866448251
2322824766228
2367222080434
2335202191479
2289669717884
2160466590724
2123890871966
2186428744725
2109387834414
2031309874256
2006909556291
1935879287084
1937198735436
2133872622306
2208692530079
2222145354651
2217852147178
2340770496974
2385556459355
2352690811360
2456277518479
2333367554586
2556700100206
2499027892159
2529050861358
2625421299128
2623179809151
2540844656005
2649227994548
2355287815353
2385782969812
2483332124413
2325004365651
2308941571603
2164727415221
2187102544987
1689478517980
1891562636452
1702033905111
1644749145636
1498364009123
1756347024031
1753630819899
1853691020671
1797789156619
1646806532569
1579950371235
1638430994104
1746893714534
1729915055156
1785828297651
1866085226250
1757221777091
1706854296410
1731642380815
1623911306744
1610134811144
1728438204553
1672083102458
1651886115321
1614661053660
1728258137633
1788136163433
1770694220273
1698153980692
1693306227906
1606796460337
1579762155711
1594973892989
1364452157819
1369677534705
1442704150133
1481523401186
1364301822391
1382012916551
1470454646759
1490758179327
1553572303211
1550849726204
1474063241674
1492039689016
1532695676001
1568875309874
1507338679867
1549606490409
1543388324504
1471694855277
1505052220408
1490728130479
1517556195855
1468081324969
1465501641036
1469504009698
1460710565144
1422115185092
1440412962966
1431600806557
1386857738310
1442997818539
1435386559052
1445459493595
1499611663612
1528118951432
1548773368801
1586962158176
1658548529725
1673522884376
1687709104469
1751414068749
1756647426854
1724264968163
1716465780812
1696208594877
1771371592751
1814361769443
1855069075575
1959773180828
1905170142661
1996059514060
1997615778748
2037289915094
1998125820534
2149976823541
2149338213826
2172798690568
2122369530992
2062153723025
2085862650694
2183847047784
2267076087616
2253451012620
2271755040942
2310979747017
2212687474329
2267828467723
2175465514289
2309910693256
2306066936391
2291437912422
2249836580090
2307380736041
2432596210637
2454200689079
2512544219949
2550837638237
2624709267999
2675856253753
2397369133724
2423308186919
2437601056637
2364561409084
2393526150161
2417545757211
2326516327340
2411413577913
2482536623750
2461502707582
2423479105824
2501207025523
2435739395280
2206178153190
2071802469420
2265040554036
2344972258420
2241251487057
2224446410361
2236623843029
2174511822413
2093754889610
2134595730740
2213263837958
2419822110762
2404916317637
2435361360033
2445346802616
2511154649991
2584910185032
2562096139662
2579062895201
2626263254183
2565148033051
2628352766211
2580423470308
2636509601448
2674569337816
2751735636359
2708290417945
2717671464499
2704681691305
2797270351435
2890937479263
2789909768114
2774680457333
2835404266460
2802616762327
2878213986064
2808492944561
2680357647400
2807187500006
2875950157836
2836873852400
2842984516420
