191922590005
186571573462
195602913134
196440106894
196973550784
208635696345
214825121651
212837786517
207270667827
217534839525
214337150105
218807278640
216783591191
241527669369
241484371598
239411400809
245262793028
244005967913
238628128458
238106232038
241125305593
239653250871
230948912246
231764859178
228817314349
236760667342
244811762476
256049432212
254218633153
261649400876
256800690392
259118717730
259808260070
260005120096
257876691353
271537540235
277157781044
279623523213
282469282385
289853576860
284509007088
296308481141
304757128862
303123527000
309941681267
293043141372
288870180266
285645784550
298396487719
280255145895
278916680371
282097421040
280756803114
291381540711
280728508570
267988916172
249421964909
251829248499
249582362155
244102536872
243735688056
256504080305
252254883462
251772055043
260510448522
264140378541
263351614602
234415664998
230546530584
229231069030
228347914835
143616361509
166275721049
152413152644
156169084441
145810092137
153921783278
156248784295
179723606554
179308317433
179965931214
169715034888
185613561574
192909831219
191093373245
195240893489
185454571858
182560102537
173199445451
186726650526
185420408747
216921162311
195783598817
196516582702
199332410825
196550133514
242410697277
237636326740
246289944885
243767574220
229559765679
231157882230
232404091437
230045211201
230736474655
223657810430
227300337308
238670573477
249634357276
244124158240
236725205062
258374905848
251484744621
281777803536
285223117396
231638300533
293193267332
292508212487
295341007625
325660685321
266068707863
338403686017
340424916977
316390745839
318459614719
318158298549
320909459408
358008850998
352374312770
343177577672
315517358943
306753138123
273581709033
288999146353
322328743636
303973061611
306307624263
279441077579
285358372936
285852441658
280670678205
262875107158
266691550924
264945896902
256705312938
260486636542
259626695788
270923727234
285118652225
285629937633
292602744380
286382078332
305006389845
289326887686
295326383829
297349907915
293556165749
294726973188
295070904390
298855472824
298008349479
300722601778
282633126476
288010222791
289203747129
284415527311
283462476142
288245135307
286787162410
283716659587
282418613590
284101418086
283031961429
292321220482
290900012557
282855271603
280736400394
278658065566
270089496087
273727144967
276518182468
274958788630
278479883045
273054675203
273664696777
277424724238
275581899714
283946846438
282336263455
291539221722
286242831293
283540689196
283186332661
291288719779
283726077297
288970060721
286356769860
284126260960
286358074075
283713157075
285689485307
286964237223
293971132286
303302253868
299781332705
298484513386
307966795206
314520848369
336747144544
340038704266
340282168402
343859171529
350356870557
371276349854
353595596716
357679667680
363305507861
375229699525
376155244222
391386315614
398089097097
376008354078
383167630954
367080155468
382559123558
408370703932
391844023291
417608478258
393366629178
404714537889
396112533787
387019717497
394467456095
382584915965
389776217847
394059992068
393548056193
378128424069
383264618015
376678422632
385832013694
387377079463
400288990801
405008080966
427759276235
409937316175
362149248411
367493741663
334775060374
354595574167
344465516054
335695327901
342078938659
348670358688
351513919431
381122745200
350351241286
360164292154
356332575059
359808951648
362569431549
361801195218
365035933845
357527781718
338078968229
344086564627
329393470022
347174984618
373738094560
351084739174
378388276147
350882293648
355107160949
354227943542
349231060241
345080849444
361948482362
349280997476
350294928558
366906685647
369183172654
353148015597
360266244316
366901849063
369168844697
377119307462
397165891758
369787987926
373697986453
388896693146
388229304358
370178135346
374531715364
374834097348
399617728711
428193437881
425530529946
431149854770
428698027511
404051443550
417397052632
406284964263
408053397543
408854256272
414847477341
416720585303
408146257625
414418564572
419831761719
453304151097
461207860844
440557589437
501230213415
453569894740
454874663869
463396194964
473665395860
479406670797
472462443676
467426121558
486856336559
510781202981
510705384012
509316087711
534785507342
554043429091
547096242194
567989885590
590563002290
569875279151
522143123847
521951038434
542115935849
556499030522
596356890583
568987773719
583028371652
591164452025
561822254157
580170666203
588940278519
583606151005
551731470870
562113075977
550900893816
542996841390
561753696202
574818669818
575296135819
577767270822
630617313850
659224634038
669880212723
685405184965
674989396837
650549438274
674518965831
637128557437
660059890910
681644076513
717074641923
720609222807
744642300583
747677585702
778417315245
783857392386
790253378610
848560030430
893518909076
890508636453
939230229018
1018571075457
1073627207819
1094294653305
1104958020304
1059342125116
973172083329
942227931207
1026973245469
1077730063057
1025826446351
1026630201129
1026985129065
1048555433791
1046260085569
1041879150112
902256239646
969744219494
957803261058
986207244511
972879603828
984460379747
921245486181
1004198902623
1030864815563
1042148087845
1021553893161
1041264399808
1096343766100
1169365962779
1155819446599
1214989508804
1231036006437
1217940155044
1395001963842
1420384848268
1411512543203
1489887727109
1512481032908
1517820415199
1529469931622
1507883468430
1534870275304
1621331889704
1631932696875
1755014358170
1750237014613
1803810657938
1703211096238
1530093939920
1567650971118
1484975450473
1463124310203
1472834550933
1433974879783
1568055969862
1536039637341
1596018226457
1549411205995
1559787530269
1576060444645
1637732346671
1691041424336
1763016317399
1763330972390
1809243795188
1788487728315
1908007796894
1846014256057
1776919699020
1815588777572
1872330091300
1841728167008
1872017596746
1879210007201
1867592153665
1764685048845
1776166385179
1700672425857
1681830769183
1803470946700
1821844691096
1823767004634
1896641500953
1937711252440
1973649360021
2000307708107
2040862129637
1975133418638
2043590753486
2093240891201
2087989088056
1980524588105
2081509312416
2093278891695
2154630278434
2181172698702
2180687310224
2304866448251
2322824766228
2367222080434
2335202191479
2289669717884
2160466590724
2123890871966
2186428744725
2109387834414
2031309874256
2006909556291
1935879287084
1937198735436
2133872622306
2208692530079
2222145354651
2217852147178
2340770496974
2385556459355
2352690811360
2456277518479
2333367554586
2556700100206
2499027892159
2529050861358
2625421299128
2623179809151
2540844656005
2649227994548
2355287815353
2385782969812
2483332124413
2325004365651
2308941571603
2164727415221
2187102544987
1689478517980
1891562636452
1702033905111
1644749145636
1498364009123
1756347024031
1753630819899
1853691020671
1797789156619
1646806532569
1579950371235
1638430994104
1746893714534
1729915055156
1785828297651
1866085226250
1757221777091
1706854296410
1731642380815
1623911306744
1610134811144
1728438204553
1672083102458
1651886115321
1614661053660
1728258137633
1788136163433
1770694220273
1698153980692
1693306227906
1606796460337
1579762155711
1594973892989
1364452157819
1369677534705
1442704150133
1481523401186
1364301822391
1382012916551
1470454646759
1490758179327
1553572303211
1550849726204
1474063241674
1492039689016
1532695676001
1568875309874
1507338679867
1549606490409
1543388324504
1471694855277
1505052220408
1490728130479
1517556195855
1468081324969
1465501641036
1469504009698
1460710565144
1422115185092
1440412962966
1431600806557
1386857738310
1442997818539
1435386559052
1445459493595
1499611663612
1528118951432
1548773368801
1586962158176
1658548529725
1673522884376
1687709104469
1751414068749
1756647426854
1724264968163
1716465780812
1696208594877
1771371592751
1814361769443
1855069075575
1959773180828
1905170142661
1996059514060
1997615778748
2037289915094
1998125820534
2149976823541
2149338213826
2172798690568
2122369530992
2062153723025
2085862650694
2183847047784
2267076087616
2253451012620
2271755040942
2310979747017
2212687474329
2267828467723
2175465514289
2309910693256
2306066936391
2291437912422
2249836580090
2307380736041
2432596210637
2454200689079
2512544219949
2550837638237
2624709267999
2675856253753
2397369133724
2423308186919
2437601056637
2364561409084
2393526150161
2417545757211
2326516327340
2411413577913
2482536623750
2461502707582
2423479105824
2501207025523
2435739395280
2206178153190
2071802469420
2265040554036
2344972258420
2241251487057
2224446410361
2236623843029
2174511822413
2093754889610
2134595730740
2213263837958
2419822110762
2404916317637
2435361360033
2445346802616
2511154649991
2584910185032
2562096139662
2579062895201
2626263254183
2565148033051
2628352766211
2580423470308
2636509601448
2674569337816
2751735636359
2708290417945
2717671464499
2704681691305
2797270351435
2890937479263
2789909768114
2774680457333
2835404266460
2802616762327
2878213986064
2808492944561
2680357647400
2807187500006
2875950157836
2836873852400
2842984516420
