84128191
90125728
90202825
90202825
90027654
80682258
76887934
61604393
63817227
69086006
69163806
62928131
67160910
58436671
48522652
44671688
41241905
39089855
39251050
39654038
39837374
45784607
46033181
47171389
47234826
46904512
49959912
39432135
40182766
39215834
39261806
40526761
41901108
40911745
40118846
38057379
32939033
32113493
36796189
33416978
31661361
32074313
32531102
31557756
17992511
18245314
23371621
21673691
21420920
32894736
30936716
27412280
26139380
27101222
28585390
24559279
23754056
24773860
26804364
26847644
26792800
26510238
27170841
20099982
20551202
24458420
24418548
20469397
19827711
19370075
18613833
21222284
21958792
24755777
21958792
23173344
22100956
22644705
26276929
28082749
24953455
24471655
24398658
24299412
24731859
27352435
27278746
26062203
26727427
27095965
29125530
29953403
29612771
29389065
29211569
31052837
29768199
32744363
38573896
35495435
35446128
35843529
36836572
36268216
36777839
36738282
36475816
38720337
36084956
39275917
42856242
42869551
45080247
45995445
57473756
52083593
59028072
63345824
54923144
61597845
61041338
56688305
57313911
54708733
63255862
62152731
52026367
61367682
53428365
59651997
58193282
58365197
55549751
55864914
54123805
46403197
49609236
41425400
46403197
47203777
44610595
49495769
53190170
53091967
50058141
47192860
47705438
48122959
49043127
49158620
49443601
46248266
47677758
48447939
41192994
39729473
38418876
39358582
35650279
36914473
37118304
38416192
37806037
43527356
40931188
41344635
41179256
41750291
40226262
41166760
41655163
40192508
39017779
40360326
42364626
41990028
41673418
41959056
41616852
41533378
42037224
42183366
44931817
44736942
45781190
44458829
45829226
44391777
40819247
40250411
41593661
41355699
40032792
40451545
38022777
39927470
40258859
40994899
40444045
40521761
40687834
40606896
41952350
41562445
42278540
42433001
42345136
39887159
40396356
40311490
40592624
41542942
41568441
41584297
41837346
42090394
42404955
42054743
43681203
43476671
44053340
43474052
42229641
42807285
43165243
41457720
42266370
41182773
41162390
41964028
41712244
42736396
43100251
42819024
42570133
42901934
42972291
42743177
42990923
41671227
42411760
42068494
42325532
42505574
42746133
43885846
43897825
44200686
44200686
43856175
44187021
43690746
44680718
45219745
44905903
44817505
44817505
44746096
45253835
45829769
46228405
46982313
46605878
46712299
46547549
47916090
48056413
48693023
49900806
48744459
48210761
48802737
50692782
51850295
52133555
56523936
56442867
54500402
53265860
56774475
57965400
58121516
58286075
57047827
56605596
55593675
56984795
57682319
58050174
57433401
58226186
57433394
58212287
56796540
56864390
58905192
59049083
60841164
60303540
62610081
63912361
64587821
69120605
69081042
68716979
68899010
75592430
77210516
81585268
79068300
76722853
79449968
76541045
78698969
78987239
78968288
79151741
79506228
79956433
78425736
81506058
83782430
85219771
93602009
97720261
95189108
97000494
97115037
95867217
98801070
99173861
102383423
102926082
103920972
106867576
109984637
117531642
121208599
110902990
103738411
72456948
90616057
90842119
88736437
88532014
91953368
93726817
91421333
95413196
97221350
95300388
94164898
89354145
87150643
89524615
93095525
91339635
96901378
96703916
96274621
95750526
95837810
95052557
95750554
95801221
97071912
97394729
98495720
99514821
100426801
101188089
105086426
105103022
104088762
102210212
102385082
102214537
100766900
105333686
105269198
105328009
105328473
104813839
104555803
108414412
110866994
107645155
106621637
105682486
99884907
99452960
102662076
105325741
103804065
101821183
101330615
100813124
99707241
101341715
100426323
99774061
99300496
98703376
96316271
97569171
98764817
97717977
90109260
85933145
89612115
90557247
92865152
92407850
93892234
92763858
92121899
92004173
91851430
93572025
93057024
93970969
94136085
94365602
94436460
94533021
94692716
94962730
95608097
96073166
99729478
100683532
100161697
101241823
100890978
101081928
102199152
104460828
105239360
105756878
104379462
103296639
105130964
105574066
106167453
105459910
106068643
107020964
106659438
112066805
114116831
114908018
114964612
114222444
114197651
114047199
114739129
114738734
114554931
113489079
112536298
111270171
110556112
111721062
111855317
110838677
110837900
110328497
111003206
111087133
110600082
110356769
110878333
111640291
111083434
111303290
111128839
109570877
111674079
112432865
112144002
112133979
112285523
114445858
115380913
118419953
116922879
116052862
113982397
117436704
118256747
122015383
129072114
130292121
128946769
130475412
138099992
145008752
146118011
143621370
144572143
145485587
146207229
155051579
160794259
160470245
169452285
166811591
162329532
168084925
167619067
169769511
174068622
180798476
189414119
197224724
201020229
202447880
210922483
203869454
229146946
228410709
229696714
225763436
223966235
245753223
249470153
252736025
257819311
252021809
251821147
254928090
264978339
266081362
285637403
297708420
295861816
298422309
314344330
352410592
368460109
372279334
374197001
405538045
401662548
419134755
390861770
416729842
402715932
397253616
400054392
400684282
439834164
508977812
551009631
609664327
600531275
551988712
608729351
648177220
690359516
778496974
773049065
789884573
805872382
824962521
923125267
1090101018
1236491560
1238637831
1276155815
1250388713
1459711618
1655330069
2022397036
1474134311
791580292
972404817
806254052
793878585
696247354
603947893
805718589
970022195
1035337048
1112358724
999785628
1107557406
1247902390
1350933750
1271083049
1234062833
1160138982
1154180014
1215877223
1243125209
1039371449
946386334
880609990
953806839
1029710007
953283830
982135614
1003229875
996209809
1061598351
989547052
1026072462
1050074842
987946362
984027999
1017130065
1062338203
1078046363
1058497473
1065776357
1063746477
1072309850
1119506145
1153322522
1159394041
1167647561
1137256984
1132291174
1171005118
1139136681
1142421291
1151241166
1105253960
1103080891
1074386930
1082206243
1058930012
978984762
962262045
882225878
921734875
945675861
936909368
897464228
871002008
874175353
872632000
883183008
913394567
920580777
918389219
910041627
900053179
906496912
899000536
878531606
897960168
878381355
813706296
805348270
815673796
776956595
806362403
713559691
733813056
625034803
622819177
690296809
694658287
703793303
808412849
804661470
826799903
841089192
829159555
864399003
839564390
834479094
783456691
795732445
782895276
787690334
786670240
796120657
807099828
823773670
814230297
762026136
843934084
848140638
874072240
890947953
879572275
874896867
872942938
880901321
888237567
887366160
877291506
851939384
834767070
841954117
846475361
864345704
890466394
902047522
889751842
888241076
905281710
898076770
928559994
945493176
992236685
985795358
974950688
981757403
1018623506
1012553021
1062809869
1064228163
1076425954
1136723796
1163217735
1186035566
1182945507
1180765430
1123831500
1123207921
1081580631
1107935582
1093781236
1118280380
1118598789
1160424052
1153803690
1161480505
1136119810
1145138794
1146643846
1154097456
1154791165
1114871492
1106535554
1110274462
1107800107
1104165268
1117705712
1110869614
1126086592
1138972442
1132133327
1138201822
1136104189
1144742814
935319880
1054810017
1091240791
1086320650
1095755595
1108354732
1111796906
1130974956
1138327980
1140187120
1146858089
1192678974
1214192620
1291004308
1231711120
1278696325
1356649107
1470642127
1476850099
1596302315
1686051480
1799101495
1704340995
1651627941
1587476730
1724453984
1731881973
1805922514
1754064236
1815073701
1827378868
1855338847
1918871016
2057101531
2204612942
2386417062
2677575804
3055832984
3098346543
2953660897
3147097805
3236021604
3607300530
3782495298
3743397247
3950936103
4377057330
6172384234
4913403013
5474520966
6633881489
7308195213
7651885542
7371331820
7499661733
8596885465
9181881026
9724925119
10682106811
10616787274
9045981657
9889812296
10047239082
10843862502
9777830567
7768981948
6518155797
7435252397
8484122127
9249951786
8280881588
8213941185
8351500675
8032624544
8147022818
6511877684
6342526441
4827568142
6442832162
5746643538
5591092298
5758966524
6123581044
6106210802
6413543878
7117570219
6760454521
6680756818
6835665193
6935898663
6884376355
7095092556
7449339836
7669278786
7853294034
8568410747
8754305383
7435393993
7852332423
7860297401
8136541099
8563083846
8053734949
7835318294
7762732747
8042541347
7787206020
7642491799
7768178252
8093435066
7979587458
7998805206
7905892560
7810074565
7374695821
7691660865
7737393606
7133081616
7480991416
7623041422
7696163403
7771429992
7837706728
7900160173
7861716255
7796344629
7559912232
7428048852
6826331372
6612073299
6697513535
6630520414
6507401593
6346731849
5830607649
6446917330
6315039719
5993926406
6226894878
6172454250
6114747678
5527985536
5712688250
6011905256
6009000366
5289706933
5270700265
5695596583
5675996847
5326485352
5512062985
5467674915
6569890047
6550354353
6490691136
6582012583
6096436603
5973210762
6164582884
6073025784
6098665726
6171259010
6200723533
6099715092
6173111060
6156346393
6051037373
6002113732
5926215379
5773745434
5591327591
5595536482
5501038520
6540692777
6444059783
6502726213
5274101841
5649931158
5563404284
5075069258
5018279397
5425252619
4651864043
5002695343
5052248355
5257411034
4535367262
5050767900
4498227789
4360916963
3743822358
4685500745
4177117992
4512152668
4924020182
5680773124
5383290903
5467835626
4874896872
5530891549
5296889016
5168075451
5314378369
5248551844
5659087764
5126136521
4922599072
4602911411
4396976740
4469020445
4825818133
4593533820
4515295229
4372252383
4482778718
4643961175
4572814866
4719071798
4631603195
4705006718
4729725201
4637892450
4699752751
4733467929
4763337239
4797738236
5087082528
5008683866
4844360198
4845045932
5552905277
5353328331
5737283531
5706588004
5931427603
6241282773
6361146293
6238028011
6395291647
6213969703
6649016264
6338630040
6835906336
7214565235
7398720305
6494479490
7147228174
7260915019
7345257685
7254953381
7094239121
7137077810
6857627525
6391061849
6505925312
6241295683
6511762213
6402246360
6524309257
6583018334
6363449852
6316009475
6471590137
6431699558
6229721623
6093291699
5948674636
6144179561
6253641300
6167707203
6081873702
6596688332
6596568101
6721807279
6938316642
6521195016
6347772430
6551387548
6427451570
6299692000
6281527657
6219578757
6416012834
6437989202
6374932408
6258161998
6278743286
6252536501
6340392129
6447877762
6423214114
6385507609
6348685602
6330220475
6347489714
6160478637
6157094775
6088809465
6059555081
6003209487
5995346979
5803436017
5996332306
6155425427
6076046817
6056470447
6049248464
5997063752
6013079638
6054169666
6070036738
6062364907
6058023579
5875376991
5834733813
5621073825
5237010824
5095637828
5357449674
5090796927
4830088191
5049291874
5345015611
5457648514
5422773484
5247419527
5383105931
5356690403
5548998495
5489023198
5431160124
5464817702
5390984948
5156565636
5114504865
5139499028
5129283069
5352125804
5287136230
5315359542
5280521635
5201166541
5255633618
5308199483
5297110398
5270445086
5318176869
5299159268
5259969613
5179555414
5102514232
4808779502
4450893143
4503721331
4513259764
4565616442
4931055367
4805393463
4689262499
4642477082
4582243520
4331759077
4309706492
4514136018
4464714604
4322786205
4182447928
3822078327
3645680354
3738348260
3805951542
4116709357
4198400627
4168528282
4192280072
4377896631
4502591083
4614632303
4532070064
4366747698
4358442844
4452690785
4416791429
4360525827
4408833697
4380666545
4134029250
4139243431
4003092885
4086316325
4040714947
4079018086
3849545414
4014957044
3947883255
3807169606
3799864204
3820272410
3871478699
3984787587
4104364759
4050197549
4081036840
4287944431
4295430883
4352935809
5027325698
4914936140
4709560545
4436425462
4619129963
4560627604
4383328561
4422726261
4208565406
4198319971
4298620074
4459207221
4551082682
4593923631
4551226935
4640500046
4708902704
4658464454
4627743355
4705861677
4746891966
4713162201
4658901096
4738948357
4737677991
4764452665
4642634501
4502421397
4406446431
4465943360
4496771221
4463926596
4541631567
4570190952
4293964344
4413503151
4376760151
4272943989
4522344247
4394214468
4556596950
4557003390
4394347711
4413867136
4523053900
4367677393
4376981606
4324407603
4327971453
4479727000
4386150175
4447672964
3915146935
3647219761
3891720098
4066944475
4218896446
4035232107
4124087360
3897400022
3775831156
3772966306
3197450167
2600460798
3056371597
3057505735
2933005650
3075853806
3147715499
3110840725
3312640413
3396488601
3492271037
3703225206
3792843899
4025325114
3843611872
3418497656
3410805538
3330217471
3186495279
3317063304
3457867355
3290563226
3276677210
3200079363
3245614186
3342724316
3266722188
3250351425
3251364112
3235912134
3279851319
3449420881
3713502920
3412512698
3381569081
3518382583
3432216272
3476892474
3542263943
3556054854
3437556122
3487957958
3472305259
3448815833
3446186575
3695705080
3688138807
3740246425
3950317171
3966039685
3898868213
3986916511
3957841280
4000649994
3966752766
4219607943
4284729367
4417023998
4399321305
4235233497
4261356892
4307524620
4378648195
4256924350
3868114377
3906930008
3880463482
3853042383
3969967851
3887108367
3580121723
3569503268
3604831688
3615038905
3697248492
3544623265
3610349456
3576031629
3618237661
3689287431
3720169961
3708894228
3803953136
3745423779
3717900714
3603042515
3603455233
3557107235
3550378586
3550616763
3384709357
3307049362
3357184210
3388061288
3277683772
3288437943
3274788464
3329287395
3504468811
3457290899
3473275740
3389622210
3325454425
3234876932
3332446906
3273135432
3255922588
3348579198
3291769191
3326711416
3395331913
3395231881
3353722531
3233596854
3316899452
3426438826
3402332730
3376137617
3418672898
3381959387
3298563156
3260308900
3289570108
3266052401
3264327860
3184824584
3266853276
3311040996
3321929200
3418755024
3404949461
3429185326
3424434027
3438133087
3473743968
3511289692
3510409888
3438453147
3382171598
3272418554
3317263879
3275234162
3200344077
3248133145
3262745836
3230708611
3321551222
3302058405
3278965397
3308544863
3311584392
3364875938
3375949965
3441919731
3684422895
3649417830
3637456034
3632632315
3635850564
3615439660
3649549477
3657657114
3600426267
3637177520
3665101335
3785391954
3760708404
3912660505
3959530783
3934635136
3895043900
3917453104
3962054469
4122289913
4124421752
4100781351
4168047644
4166207067
4207792580
4320870846
4600081044
4383666725
4313601806
4284251017
4206273518
4226907338
4198266791
4158748814
4245756414
4178106304
4191127448
4140288252
4354130390
4371176584
4436786461
4409603897
4440821973
4365331652
4357502515
4304816944
4234702970
4259115904
4237978651
4303869673
4286908500
4220874286
4226112504
4011289073
4084089103
4073455606
4153783760
4055173583
4048798164
4053910904
4022646696
3951097601
3952335716
3532366759
3521350567
3626712445
3549407619
3510026251
3479605771
3147196264
3301546440
3381330290
3410951930
3503961015
3496896404
3494225417
3513581333
3482246954
3490642386
3459868663
3534815720
3615874684
3693402217
3682933406
3725463369
3647355581
3632623721
3616334053
3548370597
3472015366
3457726378
3462737260
3458206165
3493029256
3455934433
3446117192
3450316742
3433121437
3513527018
3481616396
3517129693
3543231526
3530508532
3508109920
3584525943
3512608935
3525433834
3549555180
3556915987
3567033313
3551148325
3550436426
3649191722
3586331708
3567876465
3570854690
3587049370
3624941456
3599483767
3651158869
3665738990
3690402615
3819257374
3928449635
3817143038
3833967749
3887517377
3859548736
3992634333
4102681309
4175689248
4185821315
4251164753
4360021099
4484782115
4722094424
4899989153
4665539972
4893950758
5373372044
5983029706
6009644624
5720994523
5564260643
5706504060
5552389095
5677278222
5126615304
4751660085
5102233488
5101056385
5024729605
4845997938
5031130639
5123723238
5107386660
4963015358
4912172752
4995539570
4953795224
4963103353
4900546353
5069730710
5415744647
5491657869
5491986834
5715419468
5766501757
5539660470
5480675855
5468449179
5423885691
5791916308
5806016002
5955626110
6308123203
6285222012
6225986848
6802416441
6535042494
6496418906
6567488412
6852934105
6753831957
6826433953
6923377004
6902535382
6615846134
6525050084
6449861365
6577387227
6744973024
6769835321
6207593531
6314738395
6277927872
6439842274
6351605018
6440335310
6510039495
6510909622
6439702121
6515251110
6603242695
6578929539
6911432893
6857312981
6782479297
6762942457
6753442986
6571428240
6557735630
6504809026
5452532408
5872249216
5780511904
5875166102
5766513795
6362257508
6247072668
5882576752
5978409193
6228028939
6090285887
6137419127
6131360011
5890976389
5922985559
5893056269
5756414269
5807400049
5842821908
5776088749
5938620894
5908771136
5772873387
5789820907
5793808227
5842429264
5926251881
5909840797
6020148928
6185360812
6416160405
6366119609
6410583832
6487205027
6653550231
6660297062
6887126170
6920566879
7005977361
6785381903
6913928533
6882568766
7016409652
7029565370
7047334942
7176479968
7201118340
7099700289
7118577248
6959694304
6846731749
6977278934
7019731724
7037494298
7185374459
7222613944
7198435235
7185309692
7309062094
7207047100
7282470584
7264927490
7044507951
6903129943
6933257743
6932656623
7071454977
7121081610
7243445756
7133499715
7125989965
7175179990
7250259040
7267079430
7153769776
7052805124
7028386412
7063166060
7096701676
7109017942
7090109433
7079012657
7085814330
7029750979
6941632096
6865362966
6871973447
6885314651
6853335921
6900736567
6999552203
7032131306
7092020470
7080360988
7101828546
7151371495
7220275785
7326812007
7320519819
7445528841
7535383658
7497957615
7550745538
7234709898
7246066322
7312044926
7288144382
7323099188
7268161699
7309866906
7277060025
7345936404
7495210823
7485804685
7511648633
7537104050
7395690069
7424569400
7498306505
7599671727
7550642467
7569521478
7596046368
7664310101
7832568864
7672499965
7715980541
7732973736
7686468244
7706172329
7726100251
7795100677
7830700033
7978160926
8833695168
8933766768
9032318835
9094248307
9162900143
9178380622
9626356962
9652456861
9680553704
9732787552
9662146416
9714467398
9663086587
9717033275
10203006089
11149726608
11798721592
11692961258
11805703591
13096289468
12340974273
12153966265
12376005330
11818938367
10973365415
10084600699
10338578378
11297791368
11284671621
10712092327
11286520690
10899269208
10811334478
11290446267
11267177626
11695064648
11015424929
11329039283
11073716609
11282736332
10649838787
11172370592
10897989710
10896194681
10903822214
11280635963
11177671556
11267184575
11366712080
11354589616
11570930016
11471816639
11671385116
11612333199
11570724326
11496804376
11609375412
11563643809
11556149783
11298632887
11513306216
11429372501
11382127695
11334565731
10836250505
10477280590
9979620994
9980258722
10234912118
10190057122
10403900744
10439986625
10430350664
10408559562
10336360004
10305879845
10273450234
10266664133
10045421993
9951508090
9987152899
9913231387
9885035193
9906446384
10034284219
10034865379
10112160869
10025806636
10016052868
9936557849
10017371061
9902922498
9972551034
10021853862
10104026597
10110703609
10096152916
10151671237
10511111827
10643497763
10659822735
10631747844
10669609501
10774612938
10757700853
10837715263
10511039808
10596089426
10628934291
10624192087
10651240411
10663632311
10683628228
10716296203
10736915503
10727188279
10629325360
10514285959
10673064809
10647756834
10641899694
10649094014
10710865093
10726724097
10681922879
10813183327
10823253483
10788923142
10769240882
10763393375
10732698152
10738013124
10819228163
10859261869
10798329321
10814672258
11203631362
11228620378
11208906855
11315959519
11293226040
11333838656
11296498621
11338321143
11220698223
11256781633
11390095133
11752829661
11696242228
11676589962
11662253946
11938976264
12096394103
12025814111
12290420168
12171569118
12149492639
12468996515
12635945248
11819090304
12079877821
12126727128
12246021932
12141884147
12217223499
12454777422
12407469314
12469644554
12237310140
12225797675
12420758698
12510135733
12946708604
12937704542
13172028278
13260151359
12902178009
13015009632
13221349871
13191152348
13063570655
13056034333
13005491412
12875787818
12908484961
12871055774
13022343162
13199245708
13450108578
13441095076
13547832489
12994580789
13318857631
13404524464
13288918837
13573313639
13553565028
13539741667
13578452752
13607126591
13579618027
13730770360
13811258313
13906097254
13930147211
13978152975
14190299840
14631490961
15079091861
15894722210
15630606947
15608615637
15748410060
16196629640
17079031761
17013276616
16722443347
16893915799
17310913711
17657451496
18176438497
20074325154
17570586851
15833632275
15954647578
16097824182
15875226947
16032868665
13955632583
14151395045
14520309447
14404644193
14483882960
14722567762
15803170601
15575589416
15700006421
15692963704
16153955823
16179785228
15925454652
15479944127
15567087505
15981605542
16036307348
16096337426
16024383867
16196499783
16725756191
17055071014
17432329448
17675860694
17883783052
17592169300
17845787447
18376485741
18461695398
17282512665
17474478424
17689803344
17621829008
17615843904
18016971864
18132749550
18349824961
18625441986
18666273797
18665619702
19057305338
19894501570
19944235180
20757931685
20697230863
20242050352
20778585522
21070576805
21168128053
22045484018
22768937724
23115828876
22729626805
22923813165
23084762979
22269545260
20748687373
21550218716
20350150804
21708984714
22713531620
23360310642
23613901270
24437765964
23823524852
22171554373
19732656416
21543852459
21716111970
22789148322
21631687152
21828645040
21067179562
21238123482
21274067710
22111730292
22428462750
22894900396
23137356347
23980839691
24300812772
25660258406
25075649390
25310270648
25323346451
25831403998
25947678277
26093899237
26283315867
26449873356
26526861710
26926512741
26610747023
26605683549
26842680937
26808904051
27155528117
27588749432
27130993036
27802443851
28138175206
28395556817
28478719818
28269954170
28558518138
29408072705
31057836012
32242589150
32831422985
33977461631
35023526292
35448365713
37386022741
39834521597
39668535345
41535563757
43187940396
46806307560
45921245776
48791595686
48907971798
47259661825
49333314308
49973095926
50505650432
52635677194
54977829220
57651543948
59542580037
62618387289
64047913568
64023735520
71399544882
74969898625
68158274421
66232688568
60069580855
64231801457
68922523892
69432513874
72802069886
77940239247
79267997315
81390814630
84103371110
87313842885
91740807147
87213229260
90811746503
93917897910
97590095942
101836569042
99840412100
102918496479
93943527296
92701701570
95425707365
101162532780
97414643050
100505521255
103432907395
98192710475
98814172345
100462651129
96256396162
91990694679
86841869665
95794736278
94754800327
93696227164
90583854847
84808562401
90346856767
92440721180
93695690394
95377351865
95302026185
82327719943
83857136344
81332974613
71879445986
69145472972
76015599058
72617500134
68841752423
60908778954
57411704706
67941651520
72801069609
68220881469
83198423032
78363122790
84286215797
82461650771
82281828108
74600215340
74434608036
76299827488
75699772606
76560854896
75500397935
77761230220
85034766136
84423970915
85853449510
84465766219
94041580265
94835985322
100511383615
104457259914
102929445609
105118287146
110319910795
112955746792
114645554242
118540875961
114745175804
120834509465
121259400702
120268562140
123029485473
122937292451
122727193778
125758466480
127889966506
129986475187
131477027674
133521427189
134348450258
134620953700
137806408585
141507872698
147888426585
152681473270
139564801799
141053472123
125174265241
129469243273
138375471159
138386118408
128142059352
126828728674
123956157892
123785568031
122004031817
113327113774
93007898663
106660298729
106154317826
106102594403
118580771485
112883283594
111689869938
103281966037
103953676407
109613659299
106866970837
114631961034
114139937151
123734274965
122121772325
119549596867
124048828973
124463048080
124665254590
122541987042
119720918769
122878219068
125229533369
126959057911
128728555180
127588041168
128736012561
130393975525
138012190009
144784263803
147132401003
146457020607
147380604540
157298181126
154367541575
154245507713
156642889192
157207969241
156872993870
157260776310
152595692171
156516441219
159753624022
159428557323
158882904382
167197817411
166860329162
172915786251
176852372021
182877333919
197346458587
196251960387
196097640734
187474583400
189685412130
181537722210
182406215906
174274408173
177159867788
170323646071
180805119442
181746244324
189404981457
194649754025
197163599497
200769874157
204517734237
210189527621
208189089457
216564023047
217590423309
234147265435
253346799007
264106559092
266348158804
271737913899
256554087174
262864850114
283307896813
283604359843
292883197174
303822020509
304521120696
331830621527
380611244758
383536991170
360521594479
353104228298
393798277049
432089145865
424941911406
450101540890
462790117156
499598611323
507468848462
526958504877
530401691742
532175834200
518254581581
444118763306
478575859081
462769137190
470934695780
512600934075
501561796727
476811999934
507183013434
459110230262
503377614054
504242336185
548740880339
602241591207
606480384906
617048171317
649891674405
660729618829
619147928296
614260983110
617466441438
558322402616
600199071936
621842623714
594092665029
571236575038
441552703280
457730013153
470025701585
476886664616
522676997428
465806282299
440746159045
437509586922
461184749703
449313905977
442986675822
456201417569
478899807008
456126097445
407338401175
418007045328
366119912368
345356680497
364373679725
316682001959
262738903805
298357319235
292474293382
318957278215
348730358202
342885833191
323640487464
351382633219
339388218718
375573291847
384592650336
389404988045
413770205819
385555108049
406482401318
389833310151
366788412360
347600268295
364206964842
348786434852
351333793088
367801641381
371174302906
358756815804
375910787264
376504415981
377503095290
383023863096
379581795855
357251223245
326319325924
305563516312
308942853811
294680941205
315278150626
303399728046
304407490718
268903103616
271080540725
271698683855
252872815758
259528731118
276471919116
284281644088
283408670167
276284838448
280527260527
269205961333
268648920940
255205154812
240709760816
243221080386
214492325336
211607074472
213452905074
207217584974
214365546910
228743461115
208977549413
209012772136
203453357035
212150844378
217332919553
212374509291
215618717980
224710964098
255104493333
255275266498
259149792203
274106681486
266254398659
261403270941
278197090551
289980822738
316059541092
312466440769
315253152727
330414004166
353182168502
318610018684
341814902515
329556560410
354325708155
360927712611
349853806298
348545992661
359105280794
378567589379
378755062295
387500088137
377433101155
364287396123
361651290503
367246110490
349069220874
320114712895
324638578300
339521070119
337462996829
325118127312
324691027657
311632350187
320199076731
320537894347
332811810388
324896547174
302867805761
279694262773
291982220090
284391647526
282257779830
280135492395
261500383250
282942720722
281748125590
285661973726
287328941388
298257662562
303528706686
291804389698
298892643087
296951542678
295543975614
291815664869
286120249593
253623666132
257365032093
240538827156
231313388905
246648050695
240207885023
242490780519
240757992162
249692249427
253065972662
252583875596
248961668123
220605725182
222461415958
217908233293
221504427016
210531452522
216204096476
206474258814
217107845099
222833701579
223879293375
235868716238
230834172811
233695092639
230146199425
231793509528
237353350384
236021322319
230938327716
215397829977
219922214786
213967783758
215467061004
216065360550
222317916296
237300781693
252924857324
251510075626
250772430404
239467624972
242419415541
241209469009
245751669503
262827562886
258447707327
250375649650
259551727256
260368400403
259572560434
253702726279
239525281708
236008861741
230800394811
230935998628
221075218557
222931464536
219711737349
209096798092
191858158066
199687781640
187171271309
186447012365
188154848906
179140925584
176306743995
179532124243
182170236784
198983032904
187367814735
191058338778
179742529097
185900473401
179024197306
184074229724
188513047126
188182636814
186738899515
195329677184
200956486871
196998161067
194324668468
196517720379
205440397942
206499780693
204944182892
206800813350
180557312102
178699565269
173676089702
166506187056
168026199306
168957860300
165324224711
165506023963
173028402260
171333599626
174561369991
174513376337
164895364291
169964397592
171024757822
180771594066
193250234535
190726022428
192380128572
184210984845
181499540319
181723824344
190578235822
189730288885
191462029414
191996518814
191328036215
187645287167
186836941651
190101180570
191184503475
188292010751
189030926448
191873656493
190807097240
188510851896
169402298954
172105899006
173370083000
171615430340
180346499096
182192375638
182397456075
180746405380
181123310298
181336716973
181643041120
181681182071
182867315624
182059975545
182769558626
183738015847
182746772262
183335621529
177657765007
178780614726
180633150898
182214676717
182730332888
182397989056
187767414274
187786963020
193559158147
193690257967
188817740817
187377169654
189187494952
189370032288
189197043250
189054474552
168835270670
165760873759
161275844704
160544221724
162933526250
139212250574
127065302884
132557774620
123759180349
123468894783
111051244598
114726753934
109290097021
110207100287
122957553004
121459948488
114616749124
120404554445
118615792361
110749629853
112255338974
105900438227
97403205399
96153023353
97135043461
100480077097
96847968462
94929482012
97677613064
92474719525
90277813551
90507184021
91769741344
101785017998
107026356900
107628809686
120001884034
112776992182
117955357570
120016262342
123123626028
115373550893
115702338124
107362041866
117756458285
114048282085
116379176876
111225250673
115620200269
119420931318
116465693996
117487300474
116866001510
123053166022
120885406101
119839020769
120595409967
106735548518
106640198507
107344510502
102586291518
108407112314
105223344546
106938008753
108066858993
106633359588
109539000843
104686043975
104850766776
106401031009
105517773847
106420365459
106154835476
105760436958
104033457460
99320251125
98159115860
101065563054
98827858179
100003852569
101705133671
99420241624
99213872154
99549660031
97471011804
98092964767
107165599571
108065573876
108915428799
106362358977
107568427037
106383315075
105594353765
106311298016
107228745268
109524831924
117428599876
117806632425
120006244435
117819456868
119619854282
124800971673
111839589268
115144794813
114307671669
113670712889
113954959959
114797181466
114958398797
113643333221
110610891849
117207168066
117739568007
118230549721
118363515501
120721081141
120518094407
118603941919
119589204295
119118854746
118490788685
121433492179
124934347259
123019025856
124226702713
124237410660
125272611853
121367494695
124078306097
125864918003
124125559555
123547135252
122800863568
127127153461
126829084476
130790135943
129897036788
130100245672
131602491192
154486152535
155734517619
153250226390
158796384770
158733040461
164318422917
165130276552
160166166403
163137167146
153516790347
153687771962
152807442515
156275245323
151713466796
156344033012
157953501478
159863002682
160667797583
160792957521
158190645687
161048928157
161864978781
158669705057
150549728486
154730811379
154664788109
153509010283
152945162535
158637325834
156849377299
160042027132
166984234029
165379785164
165750730436
165889503920
166308021123
168524946066
168643571316
172142732000
191441326630
186481153785
203735743022
213480493733
227568537358
221445836625
208312667596
204753532422
228095840857
222666590444
223707642914
215253196901
220652490894
224708620608
225629412593
240941854831
247323520933
246680748474
247806405544
236260197391
245273892733
242978412925
248258165640
231726870234
219736588337
221767850713
224453034969
228799341312
224972636809
216142147870
228751998460
226056136371
233500783260
235031047531
243177277396
248498634953
252011257488
260426349937
252922683066
258396008027
260976305840
274381196703
287652751948
286931249067
290441690106
301919686103
321888525190
281679083310
304901489109
300419667689
275866748904
273782291027
277989724982
297911467964
282679798327
279585840988
286387426115
292012630047
306027268245
309771705745
295486367126
275503534224
284127199911
274306289546
245420628078
258041498007
226227245763
235778730868
254953008661
252328645602
260297811379
256510551471
250711758810
240879379361
242218279376
244582612675
244888626812
235637867018
237171212295
236020259257
237891251403
248168431377
254855221986
256553322000
260388123194
262687781741
279607150647
268249301375
277064625400
276942814944
271748893852
259479315093
266000705118
263939280697
254934179216
236694559127
243163916088
242484221467
240198651873
245633406073
255483861678
251775078235
238147771508
240279670302
245442351742
236946170794
235889797752
241902746454
239331149093
227690461117
221502673253
224845026216
226008288961
228137366248
240466881004
246178480415
243529803200
241950778799
238720219321
239896051731
239904654966
240299243833
235489716097
236447515304
240456815359
238651343919
238372337225
237779560119
239610297476
243018389518
244365995997
246769297620
244089073034
240916885883
240752905278
230944648503
200732497572
200795642149
193902389192
197798900220
198011878391
194261394770
201726163993
201858046783
203580789628
199293192876
198585384117
198695292140
193113223713
201465468830
201776787088
211480688316
209718163891
203011822634
202419738079
202646827179
205627942765
201177237530
196384405280
200679953019
196302440935
195640988957
200909719839
201208088080
197956254991
185423264210
184972629399
212603545707
222570703592
229626786347
223929993492
230166202537
222620316708
221713676697
222861930348
224118925416
222254839162
227385814180
227810821701
230783330950
226157159523
217167001856
219287297350
224569483796
218183318941
220406659450
219499245407
217177445267
212039977888
212331800769
212954157938
204780999711
202157567879
200635834391
189215685858
180008687204
183365783922
172672905005
177035527503
178620238963
186021816130
185093862765
191774669321
186786927127
183994181958
181384032912
180564808534
177670688224
181227680871
184103736410
184635416945
185878763363
181198104154
178491632041
176964679318
176174293279
176849294576
173969779664
174698792503
168262168226
159683510627
173164342098
170605893551
172142180368
171269035129
178639598698
174960405766
173386426554
171790067309
171839727415
172808491094
173671684760
175915698391
172316620835
170443504074
171054846794
166309900584
175099815779
176022122183
176507998857
186922979427
191868909151
190813332368
186514583151
195824862541
192753399090
196769009536
195014182963
216901508200
216997856318
214670626650
220219009232
220010421029
215159052024
214621814372
217299714148
216193594143
208135778694
209649856315
207544168634
214741925279
222054061036
232364859733
230642397115
237551491055
232846321992
233543700290
234180773297
234462217098
233107635148
245850088928
251964138747
254653142590
258069585773
264795735140
259850611444
271566722966
279105721325
278722083077
285828218465
270563801997
266710948738
263476815211
275330439218
259619959503
258017453511
261498667355
258832504358
268627556196
259008543862
247018783482
229238739509
231350494011
226957721025
221359503512
221019521929
232113107308
226365964773
225235280441
233883675579
235346435876
233340064602
207694623345
202491323277
201122755346
201784201902
127534201347
148677098733
136798425156
140130519469
130731870509
137912378599
141856708774
163969035204
168268304328
167215344987
157677147464
173578378242
179215162301
176902779348
179299474535
167866060263
163482571822
155079319468
167645054109
168111413591
196732309735
178748467884
181178463422
184492112839
181907148567
224319586939
220003711296
226067077511
224436805584
210106871135
211363832774
212521921414
210431556494
211285389841
203606887725
208441228321
219813211467
229548776889
224481928468
217848737211
237818598338
231660202203
260729001612
264715575255
213985145649
270922306745
270306839160
272889184226
300591325765
244618248635
309185911767
306869232910
285178798762
290588029239
291789338766
296090321818
331548416821
325163968338
312820089151
287606693371
283004310170
253104118112
266448542963
297863991994
281284512293
283052749428
258225910969
263756744105
261898007047
256897871761
239400360088
243542724304
243058716359
235401339018
238808938649
238155568046
246757330765
258810754184
257818150606
263488771315
257887061538
274353247666
260055686459
263977488185
264671153035
258945893807
261030838343
261320694346
264023867466
263600305448
265378674391
248686061655
255154016575
256905472649
252691819395
251930110296
254240856695
254575228328
252360294369
251945645183
254125877464
253220204932
261533949541
257906133133
250046888650
249532549490
248340068033
240752375022
244005851567
246350048760
244476857323
247874943898
242693725867
243528740368
246658322320
245069471778
252468499042
249576786806
258574881922
252466177200
251194367372
250719019621
257892468056
250870597546
254701101220
250963073106
248860509450
251393753231
248263198099
249958301380
250789525479
256578004259
262972153171
259160962124
257407074654
264210872943
269833726232
289003134391
288927486627
290383191228
291836717468
295116102776
315206195499
300167302052
303584194740
308882342783
317586913084
316828039103
329586416379
337790541559
318952846430
325232685153
312744950856
325967152410
346261603571
331617596912
352636951211
332166649010
341498127070
333566364702
323935503545
333068596554
322270403964
330444481966
334091942475
333579203391
320607528199
323847104284
318104927913
326444750146
325388999208
336194717594
339834180577
358295447367
343822625822
305686559091
310399913958
282781145748
299523335543
291080250376
283991533498
290664474179
295358660844
297289382219
321690464313
295717468720
304158744724
300235137767
303790295966
307183325186
305371062800
308298398647
301975114995
285416407348
292428848680
281338256681
297796286556
320177688228
301855637047
325311752652
301576313744
304067608705
301681770397
297859171280
293822540068
308915790726
298097360106
298889147792
311173560097
314536679438
300101652174
306204691694
310164147124
312039965980
319152298712
336161210784
314933637797
318211309425
332199444252
331396416493
315987758113
319696526917
318534015926
337812850789
361266803540
360169040546
363524000049
361388150212
341027499385
353455998139
344814049170
347326890921
350097811103
355316864342
356858673224
350589472375
355964826039
356940963813
386360194063
390283316004
371024385096
422111024228
381388781691
384642015768
392093422445
402094554546
406148537432
399178794038
394937678627
411028462140
430711141601
430493996399
429898430154
450679790603
467285768530
461426441629
478667796182
498730455434
478923184598
438093745201
438078726068
453160131936
465155279652
498166728549
476629678289
482922400240
487988520213
462587589405
478669808151
485799167542
481486746702
455492950406
464192978142
456151449088
447141608980
463811939269
474599034736
474159075142
475583351305
518853007316
540432354984
546294012278
559201528257
550676599622
532552781160
551284350773
522821322947
541433927316
559493458002
588144621305
586647968287
610137561829
611749800621
635313076010
637291737157
648877049177
696922352992
736313192213
726940010109
766646674436
828108470058
870067489216
891904857177
903855660609
866541858345
798614206742
774822294670
841183515631
886141989748
844234648818
850193534763
850189639096
868895945765
866324276053
858404231777
744731322767
797090958655
786892847155
810060768569
799473543242
810604676683
757429613829
829669133347
850566559321
858604966614
841648037036
858886940182
908452371466
971345530642
959908050400
1015342432717
1021710643903
1010817252277
1157837679969
1178393881669
1164751920400
1229306363638
1246889363530
1253036643768
1261889167085
1243958624951
1265132173122
1340809046147
1354699970330
1451449524637
1444295584458
1488504554931
1404587094735
1257706616735
1290051337153
1220204327654
1203229538981
1220037228611
1187847431417
1297095898270
1274759295029
1320657201846
1285778889295
1303358460293
1323165785697
1374384985327
1418039696791
1487615538458
1482097315603
1517231846645
1492314160506
1596201162726
1544357066475
1487033019321
1522443813545
1573225359215
1537032659058
1570753804902
1573030320728
1563043901167
1485088349706
1488480715772
1436404937603
1423753837652
1531453423809
1544687458240
1542359755819
1609110649408
1646376365636
1683562377085
1705662382703
1732630722198
1679455945868
1737849140857
1778794244525
1766856366313
1667958197610
1753255293848
1756784309855
1810622008179
1832795795265
1832649615512
1934958431971
1943089373445
1975210103914
1950827910761
1910866759757
1803103811952
1774489584619
1815610429620
1753133323059
1687490364939
1670431100083
1600101024739
1601365962660
1765075416993
1828333589474
1838114194460
1827731954489
1930433428855
1984735263054
1957321120511
2042075440538
1935061713018
2127992627403
2081215418869
2095824448807
2158175070522
2156647280093
2087685011606
2182169099109
1939438198675
1975237436367
2055975499123
1914455094764
1900997774732
1781592310001
1799132424532
1382263744270
1554107862109
1392263734381
1350371943550
1230051966009
1441890652848
1435732624868
1513538718378
1474546666259
1350628377687
1295843695479
1343791948434
1433099196592
1414205557590
1461700461627
1528267817742
1448636060816
1402829409133
1423288822063
1334692703013
1320632572100
1419963838186
1372746785456
1357040962597
1333451684554
1427264700383
1476624962402
1460751903956
1400467587876
1411811000579
1348761016772
1331613116292
1344339695445
1149346275139
1149803200059
1208408996151
1241664762534
1143694217711
1157712220195
1231932198508
1248360899369
1302359661782
1303349618399
1243372339811
1259535144277
1291801896604
1322279488668
1271394956307
1306271783220
1305397844865
1247908935584
1270459730813
1255058920331
1277721614662
1236506176768
1235271333229
1247976280236
1234431891497
1204005379154
1220000971373
1212666095210
1174058286944
1223691010078
1218226926533
1225590650024
1273845127655
1298152330431
1315713952264
1347965657155
1404956459530
1415633007894
1424764025993
1472834146974
1480221387764
1452986360722
1446482878148
1428479030262
1492557704052
1532591386649
1567589020933
1666022778754
1619661345082
1698846252416
1701908715020
1738012026567
1701703855057
1831952251802
1822015497243
1841924905968
1799514677938
1750789132385
1781347562320
1866053625390
1941569302956
1926520339709
1942168819602
1975702805320
1884059130642
1929604530047
1847840407837
1965041026753
1954737638631
1942658147772
1907051478748
1955966649942
2059873819244
2072695191962
2116014491157
2147346140621
2208692849021
2251331659095
2018824547509
2046144500707
2062429878010
1999922394189
2025880533497
2046210728904
1969698518215
2041743876419
2103453281303
2082751285966
2059714892040
2133179423788
2077222913689
1880899246284
1766418785427
1931853088537
2006428613472
1909098016675
1897897677320
1908376927826
1854989055228
1790181368165
1826765680410
1907744897766
2090774700140
2073999832331
2100255636893
2106812991262
2161727480445
2229174845368
2217494208877
2231147310638
2268828825289
2216031385752
2272578935777
2233485534725
2286539316952
2306040428759
2374197507050
2334925500927
2343013281583
2332301116046
2408617608807
2485396769672
2394021502348
2386780129398
2434478103182
2406326752134
2472961456827
2418954973150
2311272399353
2420299099856
2461899600103
2453810755354
2459096317265
