171054846794
166309900584
175099815779
176022122183
176507998857
186922979427
191868909151
190813332368
186514583151
195824862541
192753399090
196769009536
195014182963
216901508200
216997856318
214670626650
220219009232
220010421029
215159052024
214621814372
217299714148
216193594143
208135778694
209649856315
207544168634
214741925279
222054061036
232364859733
230642397115
237551491055
232846321992
233543700290
234180773297
234462217098
233107635148
245850088928
251964138747
254653142590
258069585773
264795735140
259850611444
271566722966
279105721325
278722083077
285828218465
270563801997
266710948738
263476815211
275330439218
259619959503
258017453511
261498667355
258832504358
268627556196
259008543862
247018783482
229238739509
231350494011
226957721025
221359503512
221019521929
232113107308
226365964773
225235280441
233883675579
235346435876
233340064602
207694623345
202491323277
201122755346
201784201902
127534201347
148677098733
136798425156
140130519469
130731870509
137912378599
141856708774
163969035204
168268304328
167215344987
157677147464
173578378242
179215162301
176902779348
179299474535
167866060263
163482571822
155079319468
167645054109
168111413591
196732309735
178748467884
181178463422
184492112839
181907148567
224319586939
220003711296
226067077511
224436805584
210106871135
211363832774
212521921414
210431556494
211285389841
203606887725
208441228321
219813211467
229548776889
224481928468
217848737211
237818598338
231660202203
260729001612
264715575255
213985145649
270922306745
270306839160
272889184226
300591325765
244618248635
309185911767
306869232910
285178798762
290588029239
291789338766
296090321818
331548416821
325163968338
312820089151
287606693371
283004310170
253104118112
266448542963
297863991994
281284512293
283052749428
258225910969
263756744105
261898007047
256897871761
239400360088
243542724304
243058716359
235401339018
238808938649
238155568046
246757330765
258810754184
257818150606
263488771315
257887061538
274353247666
260055686459
263977488185
264671153035
258945893807
261030838343
261320694346
264023867466
263600305448
265378674391
248686061655
255154016575
256905472649
252691819395
251930110296
254240856695
254575228328
252360294369
251945645183
254125877464
253220204932
261533949541
257906133133
250046888650
249532549490
248340068033
240752375022
244005851567
246350048760
244476857323
247874943898
242693725867
243528740368
246658322320
245069471778
252468499042
249576786806
258574881922
252466177200
251194367372
250719019621
257892468056
250870597546
254701101220
250963073106
248860509450
251393753231
248263198099
249958301380
250789525479
256578004259
262972153171
259160962124
257407074654
264210872943
269833726232
289003134391
288927486627
290383191228
291836717468
295116102776
315206195499
300167302052
303584194740
308882342783
317586913084
316828039103
329586416379
337790541559
318952846430
325232685153
312744950856
325967152410
346261603571
331617596912
352636951211
332166649010
341498127070
333566364702
323935503545
333068596554
322270403964
330444481966
334091942475
333579203391
320607528199
323847104284
318104927913
326444750146
325388999208
336194717594
339834180577
358295447367
343822625822
305686559091
310399913958
282781145748
299523335543
291080250376
283991533498
290664474179
295358660844
297289382219
321690464313
295717468720
304158744724
300235137767
303790295966
307183325186
305371062800
308298398647
301975114995
285416407348
292428848680
281338256681
297796286556
320177688228
301855637047
325311752652
301576313744
304067608705
301681770397
297859171280
293822540068
308915790726
298097360106
298889147792
311173560097
314536679438
300101652174
306204691694
310164147124
312039965980
319152298712
336161210784
314933637797
318211309425
332199444252
331396416493
315987758113
319696526917
318534015926
337812850789
361266803540
360169040546
363524000049
361388150212
341027499385
353455998139
344814049170
347326890921
350097811103
355316864342
356858673224
350589472375
355964826039
356940963813
386360194063
390283316004
371024385096
422111024228
381388781691
384642015768
392093422445
402094554546
406148537432
399178794038
394937678627
411028462140
430711141601
430493996399
429898430154
450679790603
467285768530
461426441629
478667796182
498730455434
478923184598
438093745201
438078726068
453160131936
465155279652
498166728549
476629678289
482922400240
487988520213
462587589405
478669808151
485799167542
481486746702
455492950406
464192978142
456151449088
447141608980
463811939269
474599034736
474159075142
475583351305
518853007316
540432354984
546294012278
559201528257
550676599622
532552781160
551284350773
522821322947
541433927316
559493458002
588144621305
586647968287
610137561829
611749800621
635313076010
637291737157
648877049177
696922352992
736313192213
726940010109
766646674436
828108470058
870067489216
891904857177
903855660609
866541858345
798614206742
774822294670
841183515631
886141989748
844234648818
850193534763
850189639096
868895945765
866324276053
858404231777
744731322767
797090958655
786892847155
810060768569
799473543242
810604676683
757429613829
829669133347
850566559321
858604966614
841648037036
858886940182
908452371466
971345530642
959908050400
1015342432717
1021710643903
1010817252277
1157837679969
1178393881669
1164751920400
1229306363638
1246889363530
1253036643768
1261889167085
1243958624951
1265132173122
1340809046147
1354699970330
1451449524637
1444295584458
1488504554931
1404587094735
1257706616735
1290051337153
1220204327654
1203229538981
1220037228611
1187847431417
1297095898270
1274759295029
1320657201846
1285778889295
1303358460293
1323165785697
1374384985327
1418039696791
1487615538458
1482097315603
1517231846645
1492314160506
1596201162726
1544357066475
1487033019321
1522443813545
1573225359215
1537032659058
1570753804902
1573030320728
1563043901167
1485088349706
1488480715772
1436404937603
1423753837652
1531453423809
1544687458240
1542359755819
1609110649408
1646376365636
1683562377085
1705662382703
1732630722198
1679455945868
1737849140857
1778794244525
1766856366313
1667958197610
1753255293848
1756784309855
1810622008179
1832795795265
1832649615512
1934958431971
1943089373445
1975210103914
1950827910761
1910866759757
1803103811952
1774489584619
1815610429620
1753133323059
1687490364939
1670431100083
1600101024739
1601365962660
1765075416993
1828333589474
1838114194460
1827731954489
1930433428855
1984735263054
1957321120511
2042075440538
1935061713018
2127992627403
2081215418869
2095824448807
2158175070522
2156647280093
2087685011606
2182169099109
1939438198675
1975237436367
2055975499123
1914455094764
1900997774732
1781592310001
1799132424532
1382263744270
1554107862109
1392263734381
1350371943550
1230051966009
1441890652848
1435732624868
1513538718378
1474546666259
1350628377687
1295843695479
1343791948434
1433099196592
1414205557590
1461700461627
1528267817742
1448636060816
1402829409133
1423288822063
1334692703013
1320632572100
1419963838186
1372746785456
1357040962597
1333451684554
1427264700383
1476624962402
1460751903956
1400467587876
1411811000579
1348761016772
1331613116292
1344339695445
1149346275139
1149803200059
1208408996151
1241664762534
1143694217711
1157712220195
1231932198508
1248360899369
1302359661782
1303349618399
1243372339811
1259535144277
1291801896604
1322279488668
1271394956307
1306271783220
1305397844865
1247908935584
1270459730813
1255058920331
1277721614662
1236506176768
1235271333229
1247976280236
1234431891497
1204005379154
1220000971373
1212666095210
1174058286944
1223691010078
1218226926533
1225590650024
1273845127655
1298152330431
1315713952264
1347965657155
1404956459530
1415633007894
1424764025993
1472834146974
1480221387764
1452986360722
1446482878148
1428479030262
1492557704052
1532591386649
1567589020933
1666022778754
1619661345082
1698846252416
1701908715020
1738012026567
1701703855057
1831952251802
1822015497243
1841924905968
1799514677938
1750789132385
1781347562320
1866053625390
1941569302956
1926520339709
1942168819602
1975702805320
1884059130642
1929604530047
1847840407837
1965041026753
1954737638631
1942658147772
1907051478748
1955966649942
2059873819244
2072695191962
2116014491157
2147346140621
2208692849021
2251331659095
2018824547509
2046144500707
2062429878010
1999922394189
2025880533497
2046210728904
1969698518215
2041743876419
2103453281303
2082751285966
2059714892040
2133179423788
2077222913689
1880899246284
1766418785427
1931853088537
2006428613472
1909098016675
1897897677320
1908376927826
1854989055228
1790181368165
1826765680410
1907744897766
2090774700140
2073999832331
2100255636893
2106812991262
2161727480445
2229174845368
2217494208877
2231147310638
2268828825289
2216031385752
2272578935777
2233485534725
2286539316952
2306040428759
2374197507050
2334925500927
2343013281583
2332301116046
2408617608807
2485396769672
2394021502348
2386780129398
2434478103182
2406326752134
2472961456827
2418954973150
2311272399353
2420299099856
2461899600103
2453810755354
2459096317265
